data/throughputs/total_comcam_r.ecsv
# %ECSV 1.0
# ---
# datatype:
# - {name: wavelength, unit: nm, datatype: float32}
# - {name: throughput, unit: '', datatype: float64}
# schema: astropy-2.0
wavelength throughput
[from data line 4847]
784.7 3.98690362649365e-06
784.8 3.970391040500061e-06
784.9 3.953877879345958e-06
785.0 3.9373641431117396e-06
785.1 3.94612582159133e-06
785.2 3.954887689792803e-06
785.3 3.9636497476992585e-06
785.4 3.972411995277086e-06
785.5 3.981174432501064e-06
785.6 3.9899370593417875e-06
785.7 3.99869987577408e-06
785.8 4.007462881764316e-06
785.9 4.016226077291586e-06
786.0 4.0249894623215436e-06
786.1 4.033083411473108e-06
786.2 4.041174348308944e-06
786.3 4.049262272433433e-06
786.4 4.057347183450978e-06
786.5 4.065429080971221e-06
786.6 4.074342870914249e-06
786.7 4.083257300021812e-06
786.8 4.092172368289664e-06
786.9 4.101088075709209e-06
787.0 4.110004422255463e-06
787.1 4.092358181210331e-06
787.2 4.074718654498082e-06
787.3 4.057085842297177e-06
787.4 4.039459744773011e-06
787.5 4.021840362096144e-06
787.6 4.005049242994842e-06
787.7 3.988257950347622e-06
787.8 3.97146648421126e-06
787.9 3.954674844650994e-06
788.0 3.937883031726877e-06
788.1 3.92024796884791e-06
788.2 3.902618814208448e-06
788.3 3.884995568449772e-06
788.4 3.867378232213131e-06
788.5 3.849766806138845e-06
788.6 3.831374237823743e-06
788.7 3.812994488324837e-06
788.8 3.7946275589023377e-06
788.9 3.7762734508082577e-06
789.0 3.757932165329174e-06
789.1 3.7671053798232076e-06
789.2 3.7762698923329494e-06
789.3 3.7854257026737064e-06
789.4 3.7945728106528594e-06
789.5 3.8037112160876833e-06
789.6 3.814413872948687e-06
789.7 3.82511665391575e-06
789.8 3.835819558950938e-06
789.9 3.846522588016303e-06
790.0 3.857225741082154e-06
790.1 3.8679525605202366e-06
790.2 3.878679634320656e-06
790.3 3.889406962444846e-06
790.4 3.900134544866662e-06
790.5 3.910862381551715e-06
790.6 3.921590472465607e-06
790.7 3.932318817569765e-06
790.8 3.943047416842363e-06
790.9 3.953776270244859e-06
791.0 3.96450537773977e-06
791.1 3.972436855957412e-06
791.2 3.980373798440332e-06
791.3 3.988316205512972e-06
791.4 3.996264077495501e-06
791.5 4.004217414714719e-06
791.6 4.010525795368005e-06
791.7 4.016834449598245e-06
791.8 4.023143377399677e-06
791.9 4.029452578753733e-06
792.0 4.035762053649643e-06
792.1 4.041391370527144e-06
792.2 4.0470183210943055e-06
792.3 4.052642905157553e-06
792.4 4.058265122523327e-06
792.5 4.063884973004293e-06
792.6 4.071179218837143e-06
792.7 4.078476416580853e-06
792.8 4.085776566391089e-06
792.9 4.093079668440858e-06
793.0 4.100385722895406e-06
793.1 4.100746447772729e-06
793.2 4.101104409584393e-06
793.3 4.101459608177803e-06
793.4 4.101812043400375e-06
793.5 4.102161715108246e-06
793.6 4.102508623144512e-06
793.7 4.102852767365324e-06
793.8 4.10319414761815e-06
793.9 4.103532763746132e-06
794.0 4.103868615602542e-06
794.1 4.101614086908585e-06
794.2 4.099359412260174e-06
794.3 4.097104591659727e-06
794.4 4.094849625113997e-06
794.5 4.092594512624456e-06
794.6 4.089502784000323e-06
794.7 4.086411831901045e-06
794.8 4.083321656415957e-06
794.9 4.080232257643039e-06
795.0 4.077143635646396e-06
795.1 4.055480196325854e-06
795.2 4.033832607837149e-06
795.3 4.012200870889212e-06
795.4 3.990584986190903e-06
795.5 3.968984954452447e-06
795.6 3.944970609695334e-06
795.7 3.920996691129592e-06
795.8 3.897063200436947e-06
795.9 3.873170139303016e-06
796.0 3.8493175094156116e-06
796.1 3.827742914686996e-06
796.2 3.806183836981481e-06
796.3 3.7846402775533213e-06
796.4 3.763112237648523e-06
796.5 3.741599718526269e-06
796.6 3.724716325453257e-06
796.7 3.707798967789436e-06
796.8 3.690847643165573e-06
796.9 3.673862349220347e-06
797.0 3.6568430836070545e-06
797.1 3.6700027894835477e-06
797.2 3.683176006167323e-06
797.3 3.6963627337320598e-06
797.4 3.709562972243505e-06
797.5 3.7227767217773623e-06
797.6 3.7344722054597134e-06
797.7 3.746172232385118e-06
797.8 3.757876802553201e-06
797.9 3.769585915963582e-06
798.0 3.781299572611097e-06
798.1 3.792330960771383e-06
798.2 3.80336269807003e-06
798.3 3.8143947844844317e-06
798.4 3.825427219975861e-06
798.5 3.836460004521757e-06
798.6 3.847493138091489e-06
798.7 3.858526620658523e-06
798.8 3.869560452184072e-06
798.9 3.880594632649799e-06
799.0 3.891629162002833e-06
799.1 3.882997298410081e-06
799.2 3.874364437232256e-06
799.3 3.865730578433127e-06
799.4 3.857095721980561e-06
799.5 3.848459867836518e-06
799.6 3.838249318014797e-06
799.7 3.8280448506380465e-06
799.8 3.817846466896082e-06
799.9 3.8076541679868707e-06
800.0 3.797436417292191e-06
800.1 3.7869438367879735e-06
800.2 3.7764592064031904e-06
800.3 3.7659825254032064e-06
800.4 3.7555137930453567e-06
800.5 3.745053008600689e-06
800.6 3.7361376765420087e-06
800.7 3.7272229537016323e-06
800.8 3.7183088400896105e-06
800.9 3.7093953357239135e-06
801.0 3.7004824406212002e-06
801.1 3.6939093352862976e-06
801.2 3.6873362541372116e-06
801.3 3.6807631972096214e-06
801.4 3.6741901645431097e-06
801.5 3.6676171561780965e-06
801.6 3.661797473413211e-06
801.7 3.655975110094765e-06
801.8 3.6501500662835114e-06
801.9 3.644322342020802e-06
802.0 3.63849193736275e-06
802.1 3.6319721061751337e-06
802.2 3.625452325713921e-06
802.3 3.6189325960093752e-06
802.4 3.6124129171033068e-06
802.5 3.6058932890259736e-06
802.6 3.599373711815306e-06
802.7 3.5928541855092155e-06
802.8 3.5863347101379548e-06
802.9 3.579815285739415e-06
803.0 3.5732959123662597e-06
803.1 3.579712539216807e-06
803.2 3.5861310952214158e-06
803.3 3.5925515801197237e-06
803.4 3.5989739936551696e-06
803.5 3.6053983355665336e-06
803.6 3.611083110094549e-06
803.7 3.6167674780443348e-06
803.8 3.622451439407589e-06
803.9 3.6281349941760153e-06
804.0 3.633818142349082e-06
804.1 3.639551518467313e-06
804.2 3.64528473248462e-06
804.3 3.651017784375292e-06
804.4 3.6567506741136124e-06
804.5 3.6624834016794847e-06
804.6 3.6697224212355617e-06
804.7 3.6769659869105327e-06
804.8 3.6842140984716444e-06
804.9 3.6914667557016926e-06
805.0 3.6987239583728556e-06
805.1 3.703546017572904e-06
805.2 3.708370756504784e-06
805.3 3.7131981751236542e-06
805.4 3.718028273372881e-06
805.5 3.7228610512019113e-06
805.6 3.7261725116207874e-06
805.7 3.7294839427745155e-06
805.8 3.7327953446534835e-06
805.9 3.736106717240216e-06
806.0 3.739418060513236e-06
806.1 3.742687954022196e-06
806.2 3.745957587779375e-06
806.3 3.7492269617863116e-06
806.4 3.7524960760445508e-06
806.5 3.7557649305477264e-06
806.6 3.7590335252934223e-06
806.7 3.7623018602871805e-06
806.8 3.7655699355266142e-06
806.9 3.7688377510093365e-06
807.0 3.77210530672228e-06
807.1 3.7661071231585166e-06
807.2 3.760108974220214e-06
807.3 3.754110859930835e-06
807.4 3.748112780333683e-06
807.5 3.742114735452221e-06
807.6 3.7361167253257525e-06
807.7 3.730118749985648e-06
807.8 3.72412080945934e-06
807.9 3.7181229037860785e-06
808.0 3.7121250329962147e-06
808.1 3.705265780384221e-06
808.2 3.6984092435747684e-06
808.3 3.6915554224538875e-06
808.4 3.684704316915394e-06
808.5 3.677855926845263e-06
808.6 3.6710102521294673e-06
808.7 3.664167292665602e-06
808.8 3.6573270483395666e-06
808.9 3.6504895190411216e-06
809.0 3.643654704664023e-06
809.1 3.643635695618122e-06
809.2 3.6436163489930044e-06
809.3 3.643596664808113e-06
809.4 3.64357664308675e-06
809.5 3.6435562838569446e-06
809.6 3.644283132393786e-06
809.7 3.6450099416413676e-06
809.8 3.6457367116010257e-06
809.9 3.646463442270227e-06
810.0 3.647190133650515e-06
810.1 3.6480928817368032e-06
810.2 3.648995627828555e-06
810.3 3.6498983719207973e-06
810.4 3.6508011140124263e-06
810.5 3.651703854092862e-06
810.6 3.6511080869016746e-06
810.7 3.6505115769879975e-06
810.8 3.6499143243565783e-06
810.9 3.6493163290044272e-06
811.0 3.648717590908772e-06
811.1 3.6344235929337445e-06
811.2 3.6201448039528027e-06
811.3 3.6058812233739026e-06
811.4 3.591632850608752e-06
811.5 3.577399685077366e-06
811.6 3.5639168575449873e-06
811.7 3.550444282573081e-06
811.8 3.53698195978485e-06
811.9 3.5235298888034313e-06
812.0 3.510088069252771e-06
812.1 3.497430253848854e-06
812.2 3.484777229390382e-06
812.3 3.4721289960338744e-06
812.4 3.4594855539246467e-06
812.5 3.446846903213275e-06
812.6 3.42924004214089e-06
812.7 3.4116724981094213e-06
812.8 3.394144271885095e-06
812.9 3.3766553642263963e-06
813.0 3.359205775893567e-06
813.1 3.3436478951069462e-06
813.2 3.3281220674454996e-06
813.3 3.3126282894920345e-06
813.4 3.297166557832933e-06
813.5 3.281736869065358e-06
813.6 3.2725872650127687e-06
813.7 3.2634506906824505e-06
813.8 3.2543271447097066e-06
813.9 3.245216625733402e-06
814.0 3.236119132394892e-06
814.1 3.229206330341959e-06
814.2 3.222299766253683e-06
814.3 3.215399440081337e-06
814.4 3.2085053517725956e-06
814.5 3.201617501273004e-06
814.6 3.1899492551585965e-06
814.7 3.1783017114113134e-06
814.8 3.1666748698160378e-06
814.9 3.1550687301398353e-06
815.0 3.143483292179306e-06
815.1 3.142273366760006e-06
815.2 3.1410335377553667e-06
815.3 3.1397638053115496e-06
815.4 3.1384641695644615e-06
815.5 3.1371346306687656e-06
815.6 3.1364630095949804e-06
815.7 3.1357642018802537e-06
815.8 3.135038207651147e-06
815.9 3.1342850270380773e-06
816.0 3.133504660178684e-06
816.1 3.13557416950462e-06
816.2 3.13762694349071e-06
816.3 3.1396629828159875e-06
816.4 3.141682288159667e-06
816.5 3.1436848602283946e-06
816.6 3.1597013450405366e-06
816.7 3.1757562859469946e-06
816.8 3.191849681274588e-06
816.9 3.2079815293570187e-06
817.0 3.2241518284834967e-06
817.1 3.2120392082273054e-06
817.2 3.199927159241812e-06
817.3 3.1878156815648857e-06
817.4 3.175704775230786e-06
817.5 3.1635944402519684e-06
817.6 3.1390446056363876e-06
817.7 3.1145909413629467e-06
817.8 3.0902334407125858e-06
817.9 3.065972096947868e-06
818.0 3.0418069033951197e-06
818.1 3.0394225258160887e-06
818.2 3.0369639949227996e-06
818.3 3.0344313128781027e-06
818.4 3.0318244818489715e-06
818.5 3.0291435039972503e-06
818.6 3.0243947132638e-06
818.7 3.0195877166281403e-06
818.8 3.014722515805132e-06
818.9 3.0097991125135333e-06
819.0 3.0048175084561903e-06
819.1 3.0002022759112075e-06
819.2 2.995584654464645e-06
819.3 2.9909646440870795e-06
819.4 2.9863422447423685e-06
819.5 2.981717456396987e-06
819.6 2.976443226143777e-06
819.7 2.9711689000071793e-06
819.8 2.9658944780185093e-06
819.9 2.9606199602057376e-06
820.0 2.9553453466346177e-06
820.1 2.9651622615516164e-06
820.2 2.974921474344364e-06
820.3 2.9846229920351728e-06
820.4 2.994266821643003e-06
820.5 3.0038529701790742e-06
820.6 3.0095702539804766e-06
820.7 3.015244402526673e-06
820.8 3.0208754210781378e-06
820.9 3.0264633149018676e-06
821.0 3.032008089255519e-06
821.1 3.040600127974964e-06
821.2 3.04918419137966e-06
821.3 3.057760279140443e-06
821.4 3.0663283909282423e-06
821.5 3.0748885264039183e-06
821.6 3.0776568240408874e-06
821.7 3.0803802534142267e-06
821.8 3.0830588129554255e-06
821.9 3.085692501089811e-06
822.0 3.0882813162038174e-06
822.1 3.071805183410028e-06
822.2 3.0551665393706606e-06
822.3 3.0383653839660685e-06
822.4 3.0214017170885223e-06
822.5 3.004275538597864e-06
822.6 2.9783673525290516e-06
822.7 2.9522438375328608e-06
822.8 2.9259049934845075e-06
822.9 2.8993508202546673e-06
823.0 2.8725813178159237e-06
823.1 2.8742476153003676e-06
823.2 2.8757676939844366e-06
823.3 2.8771415696883886e-06
823.4 2.878369258225883e-06
823.5 2.8794507754572957e-06
823.6 2.899293153407598e-06
823.7 2.918803859583141e-06
823.8 2.9379829297269083e-06
823.9 2.9568303995791516e-06
824.0 2.975346304833474e-06
824.1 2.9731232145163505e-06
824.2 2.970772075886846e-06
824.3 2.9682928934776613e-06
824.4 2.9656856718323535e-06
824.5 2.9629504154618533e-06
824.6 2.95078842593442e-06
824.7 2.9385946959804064e-06
824.8 2.926369226787443e-06
824.9 2.9141120195433783e-06
825.0 2.9018150320972006e-06
825.1 2.916056163521548e-06
825.2 2.930260283841899e-06
825.3 2.9444273955242364e-06
825.4 2.958557501038399e-06
825.5 2.972650602845241e-06
825.6 2.9867067034158407e-06
825.7 3.0007258052219796e-06
825.8 3.0147079107263026e-06
825.9 3.028653022401844e-06
826.0 3.0425611427452045e-06
826.1 3.0672774403874157e-06
826.2 3.0920785616287784e-06
826.3 3.116964497259229e-06
826.4 3.1419352380676496e-06
826.5 3.1669907748287672e-06
826.6 3.186813095689167e-06
826.7 3.2066628676334957e-06
826.8 3.226540087516044e-06
826.9 3.246444752197667e-06
827.0 3.266376858485893e-06
827.1 3.2624587571732956e-06
827.2 3.2584155707358594e-06
827.3 3.254247313089215e-06
827.4 3.2499539981398583e-06
827.5 3.245535639825288e-06
827.6 3.2479382277102678e-06
827.7 3.2502675102454648e-06
827.8 3.25252349553037e-06
827.9 3.254706191654593e-06
828.0 3.2568156067496156e-06
828.1 3.2749558084636482e-06
828.2 3.2931409169299774e-06
828.3 3.311370926488693e-06
828.4 3.3296458314867337e-06
828.5 3.3479656262517776e-06
828.6 3.3598482827523372e-06
828.7 3.371729971976513e-06
828.8 3.383610693869087e-06
828.9 3.3954904483711427e-06
829.0 3.4073692352103874e-06
829.1 3.2354305833844056e-06
829.2 3.063203485829623e-06
829.3 2.8906879723997073e-06
829.4 2.7178840729620034e-06
829.5 2.5447918173845416e-06
829.6 2.374445670884026e-06
829.7 2.2033619839936978e-06
829.8 2.0315408296241343e-06
829.9 1.8589822806977902e-06
830.0 1.685686410145798e-06
830.1 1.5177069997449307e-06
830.2 1.3495966076495293e-06
830.3 1.1813552494405099e-06
830.4 1.0129829406986514e-06
830.5 8.444796970097742e-07
830.6 6.768421462824283e-07
830.7 5.085753347767713e-07
830.8 3.3967932890912425e-07
830.9 1.7015419510419879e-07
831.0 6.491550884012606e-19
831.1 5.375570998684964e-10
831.2 1.0748934495697766e-09
831.3 1.612009041216844e-09
831.4 2.148903866279318e-09
831.5 2.6855779162164287e-09
831.6 3.214622666020314e-09
831.7 3.740977058245481e-09
831.8 4.264641058809599e-09
831.9 4.785614633701665e-09
832.0 5.303897759378833e-09
832.1 1.4421198197151704e-08
832.2 2.3568132186716868e-08
832.3 3.274469388549063e-08
832.4 4.195087745111401e-08
832.5 5.118667704135795e-08
832.6 6.049008309730654e-08
832.7 6.983463127734851e-08
832.8 7.922031354283906e-08
832.9 8.864712185531874e-08
833.0 9.811504816318806e-08
833.1 9.704134178777253e-08
833.2 9.596856086401516e-08
833.3 9.489670531387765e-08
833.4 9.382577505982293e-08
833.5 9.275577002396144e-08
833.6 9.17440238181437e-08
833.7 9.073199338728139e-08
833.8 8.971963552119098e-08
833.9 8.870691181460157e-08
834.0 8.769378849938622e-08
834.1 8.674012773888615e-08
834.2 8.578281433307834e-08
834.3 8.482182757518425e-08
834.4 8.385715069126589e-08
834.5 8.288877068819297e-08
834.6 8.183245714565836e-08
834.7 8.077470724024987e-08
834.8 7.971551743995438e-08
834.9 7.865488750156092e-08
835.0 7.759282030753532e-08
835.1 9.15459766862132e-08
835.2 1.0548604859836406e-07
835.3 1.1941294128252573e-07
835.4 1.3332656708713243e-07
835.5 1.4722684786591302e-07
835.6 1.6118003331261326e-07
835.7 1.7513122640567056e-07
835.8 1.8908039229746997e-07
835.9 2.030275162482004e-07
836.0 2.1697260588965942e-07
836.1 2.3092651162498065e-07
836.2 2.4489025661312744e-07
836.3 2.5886392727322533e-07
836.4 2.7284764149102487e-07
836.5 2.868415509367884e-07
836.6 3.0084586819965513e-07
836.7 3.148602214797557e-07
836.8 3.288846098764144e-07
836.9 3.429190320751206e-07
837.0 3.5696348646366735e-07
837.1 4.0883116274039284e-07
837.2 4.6071081358673754e-07
837.3 5.126024403885811e-07
837.4 5.645060433191122e-07
837.5 6.16421621596352e-07
837.6 6.682123575922042e-07
837.7 7.19993800988676e-07
837.8 7.717659400764465e-07
837.9 8.235287609429585e-07
838.0 8.752822472132923e-07
838.1 9.275686381675742e-07
838.2 9.798921226850116e-07
838.3 1.0322526678485923e-06
838.4 1.084650237172224e-06
838.5 1.1370847903221567e-06
838.6 1.189313367497764e-06
838.7 1.241557738679807e-06
838.8 1.2938179150964185e-06
838.9 1.3460939128455412e-06
839.0 1.3983857535019063e-06
839.1 1.728312336912117e-06
839.2 2.058197471682462e-06
839.3 2.3880412591722968e-06
839.4 2.7178438323138437e-06
839.5 3.0476053572988914e-06
839.6 3.378015285577804e-06
839.7 3.708518745133695e-06
839.8 4.03911573867001e-06
839.9 4.369806255740819e-06
840.0 4.700590271061976e-06
840.1 5.029540145639005e-06
840.2 5.358310378877211e-06
840.3 5.686900944447597e-06
840.4 6.015311794554049e-06
840.5 6.3435428582430796e-06
840.6 6.6715940398211526e-06
840.7 6.999465615970896e-06
840.8 7.327157615327685e-06
840.9 7.654670066535813e-06
