data/throughputs/total_comcam_r.ecsv
# %ECSV 1.0
# ---
# datatype:
# - {name: wavelength, unit: nm, datatype: float32}
# - {name: throughput, unit: '', datatype: float64}
# schema: astropy-2.0
wavelength throughput
[from data line 2398]
539.8 0.03340973447664089
539.9 0.03455241273014397
540.0 0.03569516711082217
540.1 0.03700949245726988
540.2 0.03832397008551887
540.3 0.03963859280644119
540.4 0.04095335511559039
540.5 0.04226825341347484
540.6 0.04357343689467921
540.7 0.044878161334794706
540.8 0.046182430077743405
540.9 0.047486249248644634
541.0 0.048789627971356275
541.1 0.05031732903891016
541.2 0.051845204239587
541.3 0.05337327317235066
541.4 0.05490155968908217
541.5 0.056430092151610635
541.6 0.057958903689839636
541.7 0.05948791737283277
541.8 0.06101713303646703
541.9 0.06254655041306614
542.0 0.06407616912348531
542.1 0.06600386336385118
542.2 0.0679320164928591
542.3 0.0698606277951421
542.4 0.07178969639253548
542.5 0.07371922123433056
542.6 0.07566631940586535
542.7 0.07761475129110654
542.8 0.07956451629908172
542.9 0.08151561381453165
543.0 0.08346804320802684
543.1 0.08567564643305267
543.2 0.08788343911864313
543.3 0.09009142024480932
543.4 0.09229958880878991
543.5 0.09450794383632873
543.6 0.09671634895558238
543.7 0.09892484347861515
543.8 0.10113346770873106
543.9 0.10334226257292506
544.0 0.10555126925357282
544.1 0.10794331621841441
544.2 0.11033561333269107
544.3 0.11272820103771873
544.4 0.11512111874396225
544.5 0.11751440443194708
544.6 0.1199080942520527
544.7 0.1223022221196022
544.8 0.12469681932270314
544.9 0.12709191411854948
545.0 0.12948753133278756
545.1 0.13221952329700665
545.2 0.13495234454043137
545.3 0.13768600966244704
545.4 0.14042052813135944
545.5 0.14315590382722207
545.6 0.14589213458230693
545.7 0.1486292032673536
545.8 0.15136709124272882
545.9 0.1541057721040351
546.0 0.15684521120778255
546.1 0.16008600097218864
546.2 0.1633275990262804
546.3 0.16656994317867393
546.4 0.16981296023466197
546.5 0.1730565654356592
546.6 0.1763006618956112
546.7 0.1795454875100644
546.8 0.1827910423375927
546.9 0.18603732643742643
547.0 0.18928433986848273
547.1 0.19310153646322661
547.2 0.19692116084832617
547.3 0.20074321354323849
547.4 0.20456769506771325
547.5 0.2083946059408012
547.6 0.21217605141094906
547.7 0.2159582197438257
547.8 0.21974111096937762
547.9 0.22352472511756052
548.0 0.22730906221881172
548.1 0.23097765547198212
548.2 0.23464694234052397
548.3 0.23831692285227712
548.4 0.2419875970362025
548.5 0.24565896492072226
548.6 0.24933102653426806
548.7 0.2530037819055803
548.8 0.25667723106312124
548.9 0.2603513740356715
549.0 0.2640262108510001
549.1 0.26697395214362657
549.2 0.2699222308692423
549.3 0.27287104704562753
549.4 0.2758204006905695
549.5 0.2787702918225583
549.6 0.28178431430074047
549.7 0.28480020656639077
549.8 0.28781796900129775
549.9 0.2908376019876132
550.0 0.2938591059070293
550.1 0.2972384046598782
550.2 0.3006196803525925
550.3 0.3040018491503661
550.4 0.30738491114432964
550.5 0.31076886642490403
550.6 0.314153715083621
550.7 0.3175394572113021
550.8 0.3209260928987811
550.9 0.3243136222369015
551.0 0.3277020453163974
551.1 0.3302011313280429
551.2 0.3327008157876159
551.3 0.3352010987447587
551.4 0.33770198024913317
551.5 0.3402034603496157
551.6 0.34270553909588775
551.7 0.345208216537651
551.8 0.3477114927242146
551.9 0.35021536770530876
552.0 0.3527198415298464
552.1 0.35521931508944116
552.2 0.35771911094482994
552.3 0.3602192290710404
552.4 0.3627196694431187
552.5 0.3652204320352655
552.6 0.3677215168225452
552.7 0.370222923779603
552.8 0.3727246528815307
552.9 0.3752267041025514
553.0 0.3777290774183988
553.1 0.3797620149348174
553.2 0.38179557637866185
553.3 0.38382976183873385
553.4 0.3858645714043018
553.5 0.38790000516465367
553.6 0.38993606320817625
553.7 0.39197274562418294
553.8 0.3940100525020079
553.9 0.39604798393006796
554.0 0.39808653999725485
554.1 0.4001297510550077
554.2 0.40217340089894293
554.3 0.4042174895538002
554.4 0.4062620170438523
554.5 0.40830698339439525
554.6 0.4104449145337556
554.7 0.4125842071719938
554.8 0.4147248616311658
554.9 0.4168668782323854
555.0 0.419010257296005
555.1 0.42065351404805545
555.2 0.4222971345878604
555.3 0.4239411189398954
555.4 0.4255854671281522
555.5 0.4272301791751216
555.6 0.42887525510530783
555.7 0.43052069494272677
555.8 0.432166498709875
555.9 0.4338126664317989
556.0 0.4354591981306865
556.1 0.4365655595666572
556.2 0.4376716360421461
556.3 0.43877742739882103
556.4 0.43988293347782736
556.5 0.44098815412088044
556.6 0.4421927944201881
556.7 0.443397692324352
556.8 0.4446028478485974
556.9 0.4458082610076248
557.0 0.4470139318177727
557.1 0.44831501746285435
557.2 0.4496163909380912
557.3 0.45091805226283627
557.4 0.45222000145698105
557.5 0.4535222385398896
557.6 0.4548247635309299
557.7 0.45612757644947294
557.8 0.4574306773159745
557.9 0.45873406614873713
558.0 0.4600377429682164
558.1 0.46132060957608695
558.2 0.4626037342263249
558.3 0.46388711693216256
558.4 0.4651707577035542
558.5 0.4664546565537469
558.6 0.4677388134943493
558.7 0.46902322853642053
558.8 0.4703079016921266
558.9 0.47159283297308663
559.0 0.47287802239101956
559.1 0.4733808918357685
559.2 0.4738838569493151
559.3 0.4743869177360994
559.4 0.47489007420168533
559.5 0.47539332634933246
559.6 0.47578936941027056
559.7 0.47618528113143727
559.8 0.4765810614521647
559.9 0.4769767103129105
560.0 0.47737222765316256
560.1 0.47803870916915475
560.2 0.47870542447771774
560.3 0.4793723736273231
560.4 0.48003955666532083
560.5 0.48070697363849924
560.6 0.4813746245953603
560.7 0.48204250958270756
560.8 0.4827106286484927
560.9 0.4833789818401045
561.0 0.4840475692046928
561.1 0.4842977032230977
561.2 0.4845478569007703
561.3 0.4847980302332252
561.4 0.48504822321827123
561.5 0.4852984358519327
561.6 0.4854390634670081
561.7 0.4855795977434722
561.8 0.48572003866660746
561.9 0.4858603862182532
562.0 0.48600064038320356
562.1 0.4862687236475412
562.2 0.48653685955189757
562.3 0.4868050481021421
562.4 0.4870732893012631
562.5 0.487341583154557
562.6 0.4876099296661684
562.7 0.4878783288402427
562.8 0.4881467806809251
562.9 0.48841528519236327
563.0 0.48868384237929796
563.1 0.48897693922177154
563.2 0.4892701020111115
563.3 0.48956333075396874
563.4 0.4898566254581539
563.5 0.4901499861308993
563.6 0.49044341277943865
563.7 0.4907369054115884
563.8 0.49103046403458517
563.9 0.4913240886556672
564.0 0.4916177792817594
564.1 0.4913875317576906
564.2 0.49115730861193546
564.3 0.49092710986399385
564.4 0.49069693553453114
564.5 0.4904667856431156
564.6 0.4903475985801309
564.7 0.4902283820518485
564.8 0.4901091360575623
564.9 0.4899898605971476
565.0 0.48987055567132026
565.1 0.49018295216677604
565.2 0.4904954295971125
565.3 0.49080798797357333
565.4 0.49112062730798367
565.5 0.49143334761275365
565.6 0.49174614890029716
565.7 0.49205903118186395
565.8 0.4923719944698722
565.9 0.4926850387761582
566.0 0.4929981641122853
566.1 0.4928540724832559
566.2 0.4927099448913744
566.3 0.49256578133475815
566.4 0.49242158181327794
566.5 0.49227734632621833
566.6 0.4921330748740319
566.7 0.49198876745483616
566.8 0.4918444240684986
566.9 0.49170004471488576
567.0 0.491555629392941
567.1 0.4918100492750075
567.2 0.49206452554861685
567.3 0.49231905822010424
567.4 0.49257364729638864
567.5 0.49282829278380796
567.6 0.4930829946881165
567.7 0.49333775301682203
567.8 0.4935925677756812
567.9 0.4938474389716209
568.0 0.494102366611049
568.1 0.4944640207218369
568.2 0.49482554837238635
568.3 0.49518694950668146
568.4 0.49554822406929266
568.5 0.49590937200478735
568.6 0.496270393257734
568.7 0.4966312877721091
568.8 0.49699205549306635
568.9 0.49735269636458
569.0 0.49771321033084
569.1 0.4974656284980748
569.2 0.49721796068607516
569.3 0.4969702068832717
569.4 0.49672236707809414
569.5 0.49647444125897006
569.6 0.4962264294155046
569.7 0.4959783315349432
569.8 0.49573014760629763
569.9 0.49548187761857754
570.0 0.49523352156012934
570.1 0.49582592992874835
570.2 0.4964186344449109
570.3 0.4970116351620142
570.4 0.4976049321352254
570.5 0.49819852541905607
570.6 0.49867946388629825
570.7 0.49916048087110826
570.8 0.4996415763749607
570.9 0.5001227503987421
571.0 0.5006040029431034
571.1 0.500702490576796
571.2 0.5008009913641277
571.3 0.5008995053046723
571.4 0.5009980324009748
571.5 0.5010965726549863
571.6 0.5011951260668758
571.7 0.5012936926391902
571.8 0.5013922723726929
571.9 0.5014908652693372
572.0 0.5015894713297299
572.1 0.5014328886515853
572.2 0.50127626075743
572.3 0.5011195876450334
572.4 0.5009628693109741
572.5 0.5008061057530214
572.6 0.5006492969683476
572.7 0.5004924429541251
572.8 0.5003355437081196
572.9 0.5001785992269092
573.0 0.5000216095086253
573.1 0.5004556069797413
573.2 0.5008898322751211
573.3 0.501324285464021
573.4 0.50175896661274
573.5 0.502193875789894
573.6 0.5025153218146358
573.7 0.5028368505152131
573.8 0.5031584619032966
573.9 0.5034801559917496
574.0 0.5038019327908804
574.1 0.5038452785925595
574.2 0.5038886177448817
574.3 0.5039319502447341
574.4 0.5039752760901964
574.5 0.5040185952781546
574.6 0.5040619078072853
574.7 0.5041052136738765
574.8 0.5041485128766047
574.9 0.5041918054129515
575.0 0.504235091279982
575.1 0.5045735928094895
575.2 0.5049140444625762
575.3 0.5052546445992908
575.4 0.5055953932540748
575.5 0.5059362904619001
575.6 0.5061629491520795
575.7 0.5063896540011356
575.8 0.5066164050136944
575.9 0.5068432021931855
576.0 0.5070700455441771
576.1 0.5072000950001516
576.2 0.5073301408818276
576.3 0.5074601831818886
576.4 0.5075902218912165
576.5 0.5077202570030204
576.6 0.5077356754886623
576.7 0.5077510834033926
576.8 0.5077664807467224
576.9 0.5077818675175615
577.0 0.5077972437142684
577.1 0.5078874562951577
577.2 0.5079776337778482
577.3 0.5080677761425404
577.4 0.5081578833700309
577.5 0.5082479554404409
577.6 0.5082233985583974
577.7 0.5081988175655227
577.8 0.5081742124585907
577.9 0.5081495832349737
578.0 0.5081249298915497
578.1 0.5082667646040545
578.2 0.5084086073937572
578.3 0.5085504582572493
578.4 0.5086923171923217
578.5 0.5088341841972914
578.6 0.5088614508339806
578.7 0.5088887132553306
578.8 0.5089159714610639
578.9 0.5089432254515043
579.0 0.5089704752280728
579.1 0.5088361588160021
579.2 0.5087017466022696
579.3 0.5085672386104058
579.4 0.5084326348639473
579.5 0.5082979353845684
579.6 0.5080488434948968
579.7 0.507799767990039
579.8 0.5075507088821812
579.9 0.5073016661835059
580.0 0.507052639907021
580.1 0.5071695899881459
580.2 0.5072865569603503
580.3 0.5074035408250882
580.4 0.5075205415838141
580.5 0.5076375592380551
580.6 0.5078688242939831
580.7 0.5081001589155026
580.8 0.5083315631145858
580.9 0.508563036904998
581.0 0.5087945802993734
581.1 0.509121956413709
581.2 0.5094494267813481
581.3 0.509776991417007
581.4 0.5101046503360033
581.5 0.5104324035549302
581.6 0.5108750286730902
581.7 0.5113178955102579
581.8 0.5117610041462667
581.9 0.5122043546597644
582.0 0.5126479471296467
582.1 0.512515184833112
582.2 0.512382379731121
582.3 0.5122495318204457
582.4 0.512116641100265
582.5 0.511983707568628
582.6 0.5119656247655533
582.7 0.5119474394302034
582.8 0.5119291515308155
582.9 0.5119107610380275
583.0 0.5118922679199834
583.1 0.5117367147676642
583.2 0.5115810999753755
583.3 0.5114254235362714
583.4 0.5112696854435061
583.5 0.5111138856884327
583.6 0.5109573086290294
583.7 0.5108002104190671
583.8 0.510642829288298
583.9 0.5104853855615274
584.0 0.5103280816900957
584.1 0.5105398310431365
584.2 0.5107521576562225
584.3 0.51096521204638
584.4 0.5111791273462201
584.5 0.511394019272863
584.6 0.5117247179169824
584.7 0.5120566831685323
584.8 0.5123899721065593
584.9 0.5127246247942274
585.0 0.5130606642184137
585.1 0.5130630029216516
585.2 0.5130665804631649
585.3 0.5130713658727262
585.4 0.5130773110082941
585.5 0.5130843505521459
585.6 0.5130924020252203
585.7 0.513101365754903
585.8 0.5131111248894658
585.9 0.5131215453962186
586.0 0.5131324760631808
586.1 0.5131156271053472
586.2 0.5130989302566349
586.3 0.5130821827558533
586.4 0.5130651647017996
586.5 0.5130476390575989
586.6 0.513029351645033
586.7 0.5130110238072011
586.8 0.5129926589331215
586.9 0.5129742609318698
587.0 0.5129558342300948
587.1 0.5129900300426367
587.2 0.5130241816379634
587.3 0.5130582949857359
587.4 0.5130923765759468
587.5 0.513126433420795
587.6 0.5130453677306601
587.7 0.512964183243767
587.8 0.5128828869555987
587.9 0.5128014853369907
588.0 0.512719984333522
588.1 0.5129065258586534
588.2 0.5130925314715215
588.3 0.5132780053072467
588.4 0.5134629509882035
588.5 0.5136473716201138
588.6 0.5139486455167486
588.7 0.5142505661709679
588.8 0.5145526578000563
588.9 0.5148544785100311
589.0 0.515155620394295
589.1 0.5148119401829838
589.2 0.5144670280533665
589.3 0.514120584034291
589.4 0.5137723439001978
589.5 0.513422079054889
589.6 0.5129536273781227
589.7 0.5124829471188141
589.8 0.512009924626361
589.9 0.5115344809551877
590.0 0.5110565717032022
590.1 0.5112007468738844
590.2 0.5113423060324518
590.3 0.5114812983802827
590.4 0.5116178074419826
590.5 0.511751951117037
590.6 0.5118838817047666
590.7 0.512013815093853
590.8 0.5121419811402227
590.9 0.5122686447633376
591.0 0.5123941059839536
591.1 0.5123879575950951
591.2 0.5123814098450961
591.3 0.5123748683125104
591.4 0.5123687733930129
591.5 0.512363600300062
591.6 0.512244306565968
591.7 0.5121249567539184
591.8 0.5120055474462493
591.9 0.5118860747110932
592.0 0.5117665341006186
592.1 0.5117495774712203
592.2 0.5117326088030518
592.3 0.5117156221257462
592.4 0.5116986109488529
592.5 0.5116815682669735
592.6 0.51201139880574
592.7 0.5123412017705599
592.8 0.5126709701298433
592.9 0.5130006973531503
593.0 0.5133303774140291
593.1 0.5135534826685109
593.2 0.5137766303088215
593.3 0.5139998158857342
593.4 0.5142230354652996
593.5 0.5144462856261383
593.6 0.5143208425915559
593.7 0.5141943546336456
593.8 0.5140672993364753
593.9 0.5139401189088088
594.0 0.5138132202182729
594.1 0.5134718483785882
594.2 0.5131313491903118
594.3 0.5127920219911414
594.4 0.5124541305035606
594.5 0.5121179029509257
594.6 0.5124796995420106
594.7 0.5128438827962442
594.8 0.5132105778538926
594.9 0.5135798758355503
595.0 0.5139518337213426
595.1 0.5147696693755673
595.2 0.5155907767823844
595.3 0.5164151163447771
595.4 0.5172426135440514
595.5 0.5180731586630621
595.6 0.5186730226292809
595.7 0.5192751417609621
595.8 0.5198792877464605
595.9 0.5204851958319228
596.0 0.5210925646118424
596.1 0.5213089583114208
596.2 0.5215257924412969
596.3 0.5217426543521491
596.4 0.5219590952523548
596.5 0.522174630140061
596.6 0.522271214943155
596.7 0.522367740840286
596.8 0.522464211233858
596.9 0.5225606300590869
597.0 0.5226570017849117
597.1 0.5225017190357175
597.2 0.5223463447122993
597.3 0.5221908848943193
597.4 0.5220353461819601
597.5 0.5218797356957999
597.6 0.5218415450159739
597.7 0.5218031847324939
597.8 0.5217646619159205
597.9 0.5217259831066747
598.0 0.5216871543128657
598.1 0.5217817459266118
598.2 0.5218763652602425
598.3 0.5219710168249193
598.4 0.522065704605586
598.5 0.5221604320592873
598.6 0.5222566644457757
598.7 0.5223538825544336
598.8 0.5224516023333626
598.9 0.5225493749003293
599.0 0.5226467865769104
599.1 0.5228135441175775
599.2 0.5229792277700559
599.3 0.5231435290862889
599.4 0.5233061748070537
599.5 0.5234669269221748
599.6 0.5235079189506897
599.7 0.5235466160869017
599.8 0.5235828952086391
599.9 0.5236166682302863
600.0 0.5236456739378106
600.1 0.5234826964092786
600.2 0.5233169973664782
600.3 0.5231486317153416
600.4 0.5229776893274201
600.5 0.5228042949805527
600.6 0.5225113217963475
600.7 0.5222164127863705
600.8 0.5219198069345657
600.9 0.5216217781554411
601.0 0.5213226351876357
601.1 0.5214298000244536
601.2 0.5215365986727563
601.3 0.5216434438124166
601.4 0.521750783937919
601.5 0.5218591033986668
601.6 0.5219689224532319
601.7 0.5220787772959085
601.8 0.5221886645011214
601.9 0.5222985801094732
602.0 0.5224085196314485
602.1 0.5225099285233586
602.2 0.5226113174181773
602.3 0.5227126802078115
602.4 0.5228140102484852
602.5 0.5229153003595137
602.6 0.5228993223544433
602.7 0.5228833392257333
602.8 0.5228673438100763
602.9 0.5228513294748499
603.0 0.5228352901181683
603.1 0.5229797694322267
603.2 0.5231242581982434
