data/throughputs/total_comcam_g.ecsv
# %ECSV 1.0
# ---
# datatype:
# - {name: wavelength, unit: nm, datatype: float32}
# - {name: throughput, unit: '', datatype: float64}
# schema: astropy-2.0
wavelength throughput
[from data line 4855]
785.5 6.721834337919784e-05
785.6 6.721909152271606e-05
785.7 6.721983959097635e-05
785.8 6.722058758390591e-05
785.9 6.722133550164536e-05
786.0 6.722208334410865e-05
786.1 6.721077569035712e-05
786.2 6.719946702195405e-05
786.3 6.718815733892627e-05
786.4 6.717684664130075e-05
786.5 6.716553492919081e-05
786.6 6.716798613403702e-05
786.7 6.717043732901425e-05
786.8 6.717288851411624e-05
786.9 6.717533968926553e-05
787.0 6.717779085458063e-05
787.1 6.716436236743445e-05
787.2 6.715093366046005e-05
787.3 6.713750473387686e-05
787.4 6.712407558769081e-05
787.5 6.711064622199418e-05
787.6 6.711098299228326e-05
787.7 6.711131968139774e-05
787.8 6.711165628926619e-05
787.9 6.711199281595963e-05
788.0 6.711232926146432e-05
788.1 6.710053264297267e-05
788.2 6.708873518122864e-05
788.3 6.707693687627574e-05
788.4 6.70651377281576e-05
788.5 6.705333773690249e-05
788.6 6.702776784595345e-05
788.7 6.700219630360379e-05
788.8 6.697662311001717e-05
788.9 6.695104826521493e-05
789.0 6.692547176928775e-05
789.1 6.689833371179135e-05
789.2 6.687119524286986e-05
789.3 6.684405636274699e-05
789.4 6.681691707150429e-05
789.5 6.678977736939618e-05
789.6 6.679017959840587e-05
789.7 6.679058174837323e-05
789.8 6.679098381929794e-05
789.9 6.679138581117948e-05
790.0 6.679178772416027e-05
790.1 6.679259609338534e-05
790.2 6.679340439107336e-05
790.3 6.679421261715138e-05
790.4 6.679502077175992e-05
790.5 6.679582885489719e-05
790.6 6.67966368665613e-05
790.7 6.679744480667934e-05
790.8 6.679825267546305e-05
790.9 6.679906047283939e-05
791.0 6.679986819883811e-05
791.1 6.682890109418574e-05
791.2 6.685793516453225e-05
791.3 6.688697040982685e-05
791.4 6.691600682994737e-05
791.5 6.694504442488351e-05
791.6 6.694653318111343e-05
791.7 6.694802188677688e-05
791.8 6.694951054201247e-05
791.9 6.695099914674524e-05
792.0 6.695248770102723e-05
792.1 6.694026595487098e-05
792.2 6.692804351853012e-05
792.3 6.691582039205973e-05
792.4 6.690359657551474e-05
792.5 6.68913720690523e-05
792.6 6.69067031752582e-05
792.7 6.69220348710978e-05
792.8 6.693736715636541e-05
792.9 6.695270003114021e-05
793.0 6.696803349553188e-05
793.1 6.701058816048968e-05
793.2 6.705314426583356e-05
793.3 6.709570181143532e-05
793.4 6.713826079716668e-05
793.5 6.718082122304188e-05
793.6 6.722338308886151e-05
793.7 6.726594639463974e-05
793.8 6.73085111402484e-05
793.9 6.735107732548793e-05
794.0 6.739364495032704e-05
794.1 6.739569012994457e-05
794.2 6.739773528383561e-05
794.3 6.739978041199514e-05
794.4 6.74018255144894e-05
794.5 6.740387059129792e-05
794.6 6.739213120162088e-05
794.7 6.738039094996975e-05
794.8 6.73686498363124e-05
794.9 6.735690786075932e-05
795.0 6.734516502319037e-05
795.1 6.731847239768839e-05
795.2 6.729177898320326e-05
795.3 6.726508477980289e-05
795.4 6.723838978755545e-05
795.5 6.721169400655351e-05
795.6 6.714363585442175e-05
795.7 6.70755758334777e-05
795.8 6.700751394392991e-05
795.9 6.693945018605848e-05
796.0 6.687138456019085e-05
796.1 6.684542641636332e-05
796.2 6.681946689215178e-05
796.3 6.679350598773712e-05
796.4 6.676754370315786e-05
796.5 6.674158003868827e-05
796.6 6.679835449180809e-05
796.7 6.68551315684422e-05
796.8 6.691191126850132e-05
796.9 6.696869359203849e-05
797.0 6.702547853873338e-05
797.1 6.706704853076197e-05
797.2 6.710861868447526e-05
797.3 6.715018899978072e-05
797.4 6.719175947644324e-05
797.5 6.723333011441028e-05
797.6 6.72473179284423e-05
797.7 6.726130574249329e-05
797.8 6.727529355655634e-05
797.9 6.728928137062457e-05
798.0 6.730326918460522e-05
798.1 6.730435098780674e-05
798.2 6.730543272854949e-05
798.3 6.730651440697349e-05
798.4 6.730759602293355e-05
798.5 6.730867757656972e-05
798.6 6.730975906787934e-05
798.7 6.731084049693117e-05
798.8 6.73119218635801e-05
798.9 6.731300316803734e-05
799.0 6.731408441030351e-05
799.1 6.73178973920603e-05
799.2 6.73217104646795e-05
799.3 6.73255236281543e-05
799.4 6.732933688254952e-05
799.5 6.733315022782713e-05
799.6 6.730936654785445e-05
799.7 6.728557983298502e-05
799.8 6.726179008308757e-05
799.9 6.723799729817359e-05
800.0 6.721364326705726e-05
800.1 6.718370388344212e-05
800.2 6.715376638475702e-05
800.3 6.712383077111148e-05
800.4 6.709389704247252e-05
800.5 6.706396519905246e-05
800.6 6.706163262047689e-05
800.7 6.705930000740601e-05
800.8 6.705696735977661e-05
800.9 6.705463467766803e-05
801.0 6.705230196109078e-05
801.1 6.705214431075232e-05
801.2 6.705198653890355e-05
801.3 6.705182864554432e-05
801.4 6.70516706307457e-05
801.5 6.705151249459458e-05
801.6 6.706515081190864e-05
801.7 6.707878894260754e-05
801.8 6.709242688680054e-05
801.9 6.71060646442404e-05
802.0 6.711970221494906e-05
802.1 6.711940778832385e-05
802.2 6.711911324444504e-05
802.3 6.711881858324175e-05
802.4 6.71185238048571e-05
802.5 6.711822890922028e-05
802.6 6.711793389640295e-05
802.7 6.711763876647698e-05
802.8 6.711734351937145e-05
802.9 6.71170481551581e-05
803.0 6.711675267392225e-05
803.1 6.712821091221372e-05
803.2 6.713966815596898e-05
803.3 6.715112440514541e-05
803.4 6.716257965977159e-05
803.5 6.717403391978913e-05
803.6 6.717169422957823e-05
803.7 6.716935450571879e-05
803.8 6.716701474821875e-05
803.9 6.716467495708616e-05
804.0 6.716233513247306e-05
804.1 6.716142537170652e-05
804.2 6.716051551071151e-05
804.3 6.715960554949133e-05
804.4 6.71586954880491e-05
804.5 6.715778532649103e-05
804.6 6.718445489017028e-05
804.7 6.721112360607175e-05
804.8 6.723779147394414e-05
804.9 6.726445849382095e-05
805.0 6.729112466559412e-05
805.1 6.731847354407034e-05
805.2 6.734582211622296e-05
805.3 6.73731703820604e-05
805.4 6.740051834137726e-05
805.5 6.742786599407908e-05
805.6 6.742763557497162e-05
805.7 6.742740503751858e-05
805.8 6.74271743818625e-05
805.9 6.742694360800352e-05
806.0 6.742671271586777e-05
806.1 6.742415643453152e-05
806.2 6.742160013418687e-05
806.3 6.741904381491338e-05
806.4 6.741648747679044e-05
806.5 6.741393111975514e-05
806.6 6.741137474381563e-05
806.7 6.740881834912263e-05
806.8 6.740626193568436e-05
806.9 6.740370550350904e-05
807.0 6.740114905260752e-05
807.1 6.740091708393588e-05
807.2 6.740068499745672e-05
807.3 6.740045279302782e-05
807.4 6.740022047086284e-05
807.5 6.739998803081947e-05
807.6 6.739975547304023e-05
807.7 6.739952279752522e-05
807.8 6.739929000420329e-05
807.9 6.739905709321699e-05
808.0 6.739882406454933e-05
808.1 6.738378323057401e-05
808.2 6.736874282454253e-05
808.3 6.735370284647189e-05
808.4 6.733866329652153e-05
808.5 6.732362417470834e-05
808.6 6.73085854810494e-05
808.7 6.729354721577521e-05
808.8 6.727850937890275e-05
808.9 6.726347197052021e-05
809.0 6.724843499064428e-05
809.1 6.723319363060834e-05
809.2 6.721795279105764e-05
809.3 6.720271247200522e-05
809.4 6.718747267353525e-05
809.5 6.717223339581893e-05
809.6 6.717077325898279e-05
809.7 6.716931304390289e-05
809.8 6.716785275065574e-05
809.9 6.71663923792465e-05
810.0 6.716493192975358e-05
810.1 6.716510599657496e-05
810.2 6.716527994145843e-05
810.3 6.716545376440208e-05
810.4 6.716562746547506e-05
810.5 6.716580104457224e-05
810.6 6.713841923034246e-05
810.7 6.711103715200379e-05
810.8 6.708365480983714e-05
810.9 6.705627220398097e-05
811.0 6.70288893344854e-05
811.1 6.698657462672663e-05
811.2 6.694426103457534e-05
811.3 6.690194855816218e-05
811.4 6.685963719768924e-05
811.5 6.681732695351657e-05
811.6 6.678879439213834e-05
811.7 6.676026254347308e-05
811.8 6.673173140763262e-05
811.9 6.670320098472906e-05
812.0 6.667467127489197e-05
812.1 6.666127115168141e-05
812.2 6.664787075423627e-05
812.3 6.663447008272946e-05
812.4 6.662106913712045e-05
812.5 6.660766791746992e-05
812.6 6.649783285672042e-05
812.7 6.638799643749642e-05
812.8 6.627815866049122e-05
812.9 6.616831952625609e-05
813.0 6.605847903522637e-05
813.1 6.584939490780691e-05
813.2 6.564032604869254e-05
813.3 6.543127245806135e-05
813.4 6.522223413616314e-05
813.5 6.501321108346281e-05
813.6 6.492816458118614e-05
813.7 6.484312417418626e-05
813.8 6.475808986252457e-05
813.9 6.46730616463338e-05
814.0 6.458803952579712e-05
814.1 6.454643149096133e-05
814.2 6.450482372442315e-05
814.3 6.446321622641272e-05
814.4 6.442160899708927e-05
814.5 6.438000203657023e-05
814.6 6.424199792094724e-05
814.7 6.410399495399241e-05
814.8 6.396599313656714e-05
814.9 6.382799246917763e-05
815.0 6.368999295266929e-05
815.1 6.35384173142828e-05
815.2 6.338684202795445e-05
815.3 6.323526709452847e-05
815.4 6.308369251463624e-05
815.5 6.293211828928044e-05
815.6 6.279431510220017e-05
815.7 6.265651222898925e-05
815.8 6.251870967031824e-05
815.9 6.238090742692913e-05
816.0 6.224310549969838e-05
816.1 6.215963019309095e-05
816.2 6.207615706231618e-05
816.3 6.199268610777706e-05
816.4 6.190921732987692e-05
816.5 6.182575072955541e-05
816.6 6.201767562932665e-05
816.7 6.220959515487226e-05
816.8 6.240150930528501e-05
816.9 6.259341807979918e-05
817.0 6.278532147720917e-05
817.1 6.27838227735462e-05
817.2 6.278232400450405e-05
817.3 6.2780825170088e-05
817.4 6.277932627023208e-05
817.5 6.277782730443665e-05
817.6 6.252852697812617e-05
817.7 6.227923842137889e-05
817.8 6.202996163519073e-05
817.9 6.178069662020272e-05
818.0 6.153144337835685e-05
818.1 6.172356248829945e-05
818.2 6.191567777649017e-05
818.3 6.21077892420241e-05
818.4 6.229989688406674e-05
818.5 6.24920007016645e-05
818.6 6.264280682017439e-05
818.7 6.279360991198122e-05
818.8 6.294440997639472e-05
818.9 6.30952070127952e-05
819.0 6.32460010200471e-05
819.1 6.326030653703656e-05
819.2 6.327461217742367e-05
819.3 6.328891794124142e-05
819.4 6.330322382838072e-05
819.5 6.331752983878719e-05
819.6 6.331807117435912e-05
819.7 6.331861239775386e-05
819.8 6.331915350903863e-05
819.9 6.331969450820958e-05
820.0 6.332023539607618e-05
820.1 6.364798390874038e-05
820.2 6.397570524272442e-05
820.3 6.430339939807265e-05
820.4 6.463106637475744e-05
820.5 6.495870617258351e-05
820.6 6.520374756235586e-05
820.7 6.544876856745767e-05
820.8 6.569376918778266e-05
820.9 6.593874942336593e-05
821.0 6.618370927363757e-05
821.1 6.615695529114914e-05
821.2 6.613020055538272e-05
821.3 6.610344506647213e-05
821.4 6.607668882455171e-05
821.5 6.604993182953766e-05
821.6 6.589932902868566e-05
821.7 6.574872261311767e-05
821.8 6.55981125837009e-05
821.9 6.544749894116106e-05
822.0 6.529688168539366e-05
822.1 6.474646071121676e-05
822.2 6.419603917025438e-05
822.3 6.364561706525744e-05
822.4 6.309519439919184e-05
822.5 6.254477117431187e-05
822.6 6.181545138638422e-05
822.7 6.108613090061796e-05
822.8 6.0356809720813216e-05
822.9 5.9627487850630624e-05
823.0 5.8898165296319375e-05
823.1 5.921253729443488e-05
823.2 5.95268864261273e-05
823.3 5.984121269113766e-05
823.4 6.015551608906401e-05
823.5 6.0469796620477727e-05
823.6 6.118304422764818e-05
823.7 6.189624016252622e-05
823.8 6.26093844243679e-05
823.9 6.3322477012356e-05
824.0 6.403551792465642e-05
824.1 6.430988627883748e-05
824.2 6.458424805873176e-05
824.3 6.485860326305481e-05
824.4 6.513295189073443e-05
824.5 6.540729393995612e-05
824.6 6.54752996847508e-05
824.7 6.554330371318922e-05
824.8 6.561130602502308e-05
824.9 6.567930662000385e-05
825.0 6.57471232571251e-05
825.1 6.567679269868398e-05
825.2 6.56064652187033e-05
825.3 6.553614081778219e-05
825.4 6.546581949659112e-05
825.5 6.539550125558731e-05
825.6 6.532518609544106e-05
825.7 6.525487401682256e-05
825.8 6.518456502018909e-05
825.9 6.511425910621099e-05
826.0 6.504395627605019e-05
826.1 6.520669823672877e-05
826.2 6.536942855227444e-05
826.3 6.553214722170932e-05
826.4 6.569485424405503e-05
826.5 6.585754961806019e-05
826.6 6.5910245449268e-05
826.7 6.596293730728499e-05
826.8 6.601562519171819e-05
826.9 6.606830910231666e-05
827.0 6.612098903787125e-05
827.1 6.578864200762886e-05
827.2 6.545631921898255e-05
827.3 6.512402067389194e-05
827.4 6.47917463741048e-05
827.5 6.445949632195826e-05
827.6 6.426470573200674e-05
827.7 6.406992923774609e-05
827.8 6.38751668404518e-05
827.9 6.368041854118705e-05
828.0 6.348568434181921e-05
828.1 6.360681346830449e-05
828.2 6.37279325963353e-05
828.3 6.384904172522174e-05
828.4 6.397014085441542e-05
828.5 6.409122998300717e-05
828.6 6.408866538365082e-05
828.7 6.408610067877534e-05
828.8 6.408353586845909e-05
828.9 6.408097095270948e-05
829.0 6.407840593174248e-05
829.1 6.413130169404298e-05
829.2 6.418419380201797e-05
829.3 6.423708225523754e-05
829.4 6.428996705348442e-05
829.5 6.434284819649881e-05
829.6 6.447812584440158e-05
829.7 6.461339456978158e-05
829.8 6.474865437173461e-05
829.9 6.48839052494271e-05
830.0 6.501914720160984e-05
830.1 6.504439987092267e-05
830.2 6.506965053676341e-05
830.3 6.509489919903905e-05
830.4 6.512014585758565e-05
830.5 6.514539051249707e-05
830.6 6.526673479196285e-05
830.7 6.538807053168411e-05
830.8 6.550939773086934e-05
830.9 6.563071638879753e-05
831.0 6.575202650437289e-05
831.1 6.57385289853926e-05
831.2 6.572503111827053e-05
831.3 6.571153290318293e-05
831.4 6.56980343403062e-05
831.5 6.568453542942156e-05
831.6 6.552003671535323e-05
831.7 6.535553660700117e-05
831.8 6.519103510622544e-05
831.9 6.502653221502857e-05
832.0 6.486202793595207e-05
832.1 6.496772690472767e-05
832.2 6.507341198262043e-05
832.3 6.517908316970659e-05
832.4 6.528474046634558e-05
832.5 6.539038387280528e-05
832.6 6.553717995947441e-05
832.7 6.568395693325107e-05
832.8 6.583071479446624e-05
832.9 6.597745354345073e-05
833.0 6.612417317996804e-05
833.1 6.60945510815959e-05
833.2 6.60649306540251e-05
833.3 6.603531189729392e-05
833.4 6.600569481179485e-05
833.5 6.597607939768712e-05
833.6 6.598770342035723e-05
833.7 6.59993841661181e-05
833.8 6.601109179378385e-05
833.9 6.602279865422995e-05
834.0 6.603447929270691e-05
834.1 6.614163755611592e-05
834.2 6.624871749410106e-05
834.3 6.635569986194057e-05
834.4 6.646256752100628e-05
834.5 6.65693054567992e-05
834.6 6.660734925442376e-05
834.7 6.664524817583391e-05
834.8 6.668299324206819e-05
834.9 6.672057775912995e-05
835.0 6.675799732471043e-05
835.1 6.672739089843102e-05
835.2 6.669662526166806e-05
835.3 6.666570341192894e-05
835.4 6.663463064388654e-05
835.5 6.660341454372865e-05
835.6 6.659946668193174e-05
835.7 6.659539063673213e-05
835.8 6.659120252743966e-05
835.9 6.658692063494686e-05
836.0 6.658256540115823e-05
836.1 6.66064359431751e-05
836.2 6.663027746838512e-05
836.3 6.665411689818e-05
836.4 6.667798336129417e-05
836.5 6.670190819813205e-05
836.6 6.672593046805156e-05
836.7 6.674995844036498e-05
836.8 6.677399120861411e-05
836.9 6.679802793286913e-05
837.0 6.682206783983427e-05
837.1 6.682977730724988e-05
837.2 6.683748926786983e-05
837.3 6.684520314601958e-05
837.4 6.685291843388954e-05
837.5 6.68606346909251e-05
837.6 6.685466308442522e-05
837.7 6.684868863333137e-05
837.8 6.684271089667938e-05
837.9 6.683672936570757e-05
838.0 6.683074346413212e-05
838.1 6.685468475061882e-05
838.2 6.687861714065088e-05
838.3 6.690253984554835e-05
838.4 6.692645200773337e-05
838.5 6.695035270009596e-05
838.6 6.696056433805981e-05
838.7 6.697077149632322e-05
838.8 6.698097529703705e-05
838.9 6.69911769310491e-05
839.0 6.700137765787137e-05
839.1 6.699715997750087e-05
839.2 6.699294562562708e-05
839.3 6.698873606578908e-05
839.4 6.698453282896946e-05
839.5 6.698033751415759e-05
839.6 6.698982039299229e-05
839.7 6.699930525456734e-05
839.8 6.700879165765099e-05
839.9 6.701827909267595e-05
840.0 6.702776698165387e-05
840.1 6.70095186895506e-05
840.2 6.699127311642292e-05
840.3 6.697302947879934e-05
840.4 6.695478692616787e-05
840.5 6.693654454057143e-05
840.6 6.691830133740223e-05
840.7 6.690006007668835e-05
840.8 6.688182075767703e-05
840.9 6.6863583379823e-05
841.0 6.684534794225858e-05
841.1 6.68550338001481e-05
841.2 6.686471802346709e-05
841.3 6.687440061154356e-05
841.4 6.688408156376797e-05
841.5 6.689376087938032e-05
841.6 6.690343855485826e-05
841.7 6.691311459438689e-05
841.8 6.692278899928822e-05
841.9 6.693246177097083e-05
842.0 6.694213291085968e-05
842.1 6.695085396855677e-05
842.2 6.695957313962983e-05
842.3 6.696829042549505e-05
842.4 6.697700582793786e-05
842.5 6.698571934825026e-05
842.6 6.698078928258668e-05
