data/throughputs/total_comcam_z.ecsv
# %ECSV 1.0
# ---
# datatype:
# - {name: wavelength, unit: nm, datatype: float32}
# - {name: throughput, unit: '', datatype: float64}
# schema: astropy-2.0
wavelength throughput
300.0 0.0
300.1 0.0
300.2 0.0
300.3 0.0
300.4 0.0
300.5 0.0
300.6 0.0
300.7 0.0
300.8 0.0
300.9 0.0
301.0 0.0
301.1 0.0
301.2 0.0
301.3 0.0
301.4 0.0
301.5 0.0
301.6 0.0
301.7 0.0
301.8 0.0
301.9 0.0
302.0 0.0
302.1 0.0
302.2 0.0
302.3 0.0
302.4 0.0
302.5 0.0
302.6 0.0
302.7 0.0
302.8 0.0
302.9 0.0
303.0 0.0
303.1 0.0
303.2 0.0
303.3 0.0
303.4 0.0
303.5 0.0
303.6 0.0
303.7 0.0
303.8 0.0
303.9 0.0
304.0 0.0
304.1 0.0
304.2 0.0
304.3 0.0
304.4 0.0
304.5 0.0
304.6 0.0
304.7 0.0
304.8 0.0
304.9 0.0
305.0 0.0
305.1 0.0
305.2 0.0
305.3 0.0
305.4 0.0
305.5 0.0
305.6 0.0
305.7 0.0
305.8 0.0
305.9 0.0
306.0 0.0
306.1 0.0
306.2 0.0
306.3 0.0
306.4 0.0
306.5 0.0
306.6 0.0
306.7 0.0
306.8 0.0
306.9 0.0
307.0 0.0
307.1 0.0
307.2 0.0
307.3 0.0
307.4 0.0
307.5 0.0
307.6 0.0
307.7 0.0
307.8 0.0
307.9 0.0
308.0 0.0
308.1 0.0
308.2 0.0
308.3 0.0
308.4 0.0
308.5 0.0
308.6 0.0
308.7 0.0
308.8 0.0
308.9 0.0
309.0 0.0
309.1 0.0
309.2 0.0
309.3 0.0
309.4 0.0
309.5 0.0
309.6 0.0
309.7 0.0
309.8 0.0
309.9 0.0
310.0 0.0
310.1 0.0
310.2 0.0
310.3 0.0
310.4 0.0
310.5 0.0
310.6 0.0
310.7 0.0
310.8 0.0
310.9 0.0
311.0 0.0
311.1 0.0
311.2 0.0
311.3 0.0
311.4 0.0
311.5 0.0
311.6 0.0
311.7 0.0
311.8 0.0
311.9 0.0
312.0 0.0
312.1 0.0
312.2 0.0
312.3 0.0
312.4 0.0
312.5 0.0
312.6 0.0
312.7 0.0
312.8 0.0
312.9 0.0
313.0 0.0
313.1 0.0
313.2 0.0
313.3 0.0
313.4 0.0
313.5 0.0
313.6 0.0
313.7 0.0
313.8 0.0
313.9 0.0
314.0 0.0
314.1 0.0
314.2 0.0
314.3 0.0
314.4 0.0
314.5 0.0
314.6 0.0
314.7 0.0
314.8 0.0
314.9 0.0
315.0 0.0
315.1 0.0
315.2 0.0
315.3 0.0
315.4 0.0
315.5 0.0
315.6 0.0
315.7 0.0
315.8 0.0
315.9 0.0
316.0 0.0
316.1 0.0
316.2 0.0
316.3 0.0
316.4 0.0
316.5 0.0
316.6 0.0
316.7 0.0
316.8 0.0
316.9 0.0
317.0 0.0
317.1 0.0
317.2 0.0
317.3 0.0
317.4 0.0
317.5 0.0
317.6 0.0
317.7 0.0
317.8 0.0
317.9 0.0
318.0 0.0
318.1 0.0
318.2 0.0
318.3 0.0
318.4 0.0
318.5 0.0
318.6 0.0
318.7 0.0
318.8 0.0
318.9 0.0
319.0 0.0
319.1 0.0
319.2 0.0
319.3 0.0
319.4 0.0
319.5 0.0
319.6 0.0
319.7 0.0
319.8 0.0
319.9 0.0
320.0 5.840678590802614e-11
320.1 6.99191042421108e-11
320.2 8.293835839794617e-11
320.3 9.757594502381823e-11
320.4 1.1394636872427277e-10
320.5 1.3216725625146556e-10
320.6 1.526083156219075e-10
320.7 1.7521241218003543e-10
320.8 2.001155727497986e-10
320.9 2.2745750894407875e-10
321.0 2.5738162196545597e-10
321.1 3.2609411071317565e-10
321.2 4.0630627742188213e-10
321.3 4.989785364451986e-10
321.4 6.050858016809742e-10
321.5 7.256174196834563e-10
321.6 8.558362403901044e-10
321.7 1.000515124023102e-09
321.8 1.160360005074286e-09
321.9 1.3360682274101528e-09
322.0 1.5283284733181435e-09
322.1 1.7606008792611165e-09
322.2 2.0153100590271545e-09
322.3 2.2934936494786314e-09
322.4 2.5961895703064322e-09
322.5 2.9244359995288766e-09
322.6 3.3069152270949008e-09
322.7 3.7235354630084776e-09
322.8 4.176082801658995e-09
322.9 4.666381860955035e-09
323.0 5.196295975164807e-09
323.1 5.966746389106138e-09
323.2 6.815895801638898e-09
323.3 7.748578010396555e-09
323.4 8.769758956244976e-09
323.5 9.884537406315867e-09
323.6 1.1029523280548938e-08
323.7 1.2264010817257487e-08
323.8 1.3591958350513363e-08
323.9 1.5017385734777095e-08
324.0 1.6544374498099213e-08
324.1 1.848786859053163e-08
324.2 2.057595647958105e-08
324.3 2.2813526677526388e-08
324.4 2.5205433428065992e-08
324.5 2.7756496424975776e-08
324.6 3.04569557206116e-08
324.7 3.332327325479886e-08
324.8 3.635989188424999e-08
324.9 3.957120722014251e-08
325.0 4.296315392789204e-08
325.1 4.71556854975582e-08
325.2 5.162540110576575e-08
325.3 5.6382688268528644e-08
325.4 6.143807380988737e-08
325.5 6.680222524584032e-08
325.6 7.279484133059143e-08
325.7 7.916703904011517e-08
325.8 8.593377472545751e-08
325.9 9.311029266042568e-08
326.0 1.007121283633391e-07
326.1 1.0761095892153647e-07
326.2 1.148465759653157e-07
326.3 1.2242938419777225e-07
326.4 1.303699614718591e-07
326.5 1.3867906227981702e-07
326.6 1.4665129636133967e-07
326.7 1.5493423889700574e-07
326.8 1.6353462042067636e-07
326.9 1.7245921607846014e-07
327.0 1.817148457662245e-07
327.1 1.9367842632820775e-07
327.2 2.0614530748130395e-07
327.3 2.1912490213024692e-07
327.4 2.326265584769771e-07
327.5 2.4665955951424503e-07
327.6 2.614674123126157e-07
327.7 2.7685321902261655e-07
327.8 2.9282776503629695e-07
327.9 3.094018164236477e-07
328.0 3.2658611965655193e-07
328.1 3.439418587701292e-07
328.2 3.6195789945021214e-07
328.3 3.8065015823941556e-07
328.4 4.000347430448012e-07
328.5 4.201279538760185e-07
328.6 4.4191268524187753e-07
328.7 4.6452446986259955e-07
328.8 4.879841703151222e-07
328.9 5.123129473779912e-07
329.0 5.375322607513312e-07
329.1 5.636069677590182e-07
329.2 5.905816391141571e-07
329.3 6.184759068478971e-07
329.4 6.473096218360552e-07
329.5 6.771028525465192e-07
329.6 7.055093364581596e-07
329.7 7.347201110344208e-07
329.8 7.647476826767296e-07
329.9 7.956045998878769e-07
330.0 8.273034492600256e-07
330.1 8.589674989311774e-07
330.2 8.914121010778707e-07
330.3 9.246458409144029e-07
330.4 9.586772319316381e-07
330.5 9.935147094872061e-07
330.6 1.030474375150254e-06
330.7 1.0683540560970607e-06
330.8 1.1071655726083918e-06
330.9 1.1469207021178764e-06
331.0 1.187631170440743e-06
331.1 1.2204099574657987e-06
331.2 1.2538519136527887e-06
331.3 1.2879654315377527e-06
331.4 1.3227588723803518e-06
331.5 1.3582405577848222e-06
331.6 1.3973286498899496e-06
331.7 1.4372631209258638e-06
331.8 1.4780565406274784e-06
331.9 1.5197215831428545e-06
332.0 1.5622710270520545e-06
332.1 1.611087893089378e-06
332.2 1.6610136811006957e-06
332.3 1.7120647257558561e-06
332.4 1.7642574830092128e-06
332.5 1.8176085299223597e-06
332.6 1.8683707232568818e-06
332.7 1.9201226631860688e-06
332.8 1.9728758223039446e-06
332.9 2.026641731399963e-06
333.0 2.0814319799302376e-06
333.1 2.1240787962397415e-06
333.2 2.167289554356206e-06
333.3 2.211067499540395e-06
333.4 2.2554158688739733e-06
333.5 2.3003378914336573e-06
333.6 2.3486709376240176e-06
333.7 2.3976939388030132e-06
333.8 2.447416497435139e-06
333.9 2.4978482459368193e-06
334.0 2.5489988251653336e-06
334.1 2.5997437254358835e-06
334.2 2.6512584456186918e-06
334.3 2.703554488683155e-06
334.4 2.756643295955272e-06
334.5 2.8105362206611703e-06
334.6 2.8663826196625817e-06
334.7 2.9230929910049e-06
334.8 2.980679002597005e-06
334.9 3.039152123119142e-06
335.0 3.0985235870882263e-06
335.1 3.1498693449372384e-06
335.2 3.201884594738619e-06
335.3 3.25457572373028e-06
335.4 3.3079486973474725e-06
335.5 3.3620090221392896e-06
335.6 3.4127890108448064e-06
335.7 3.4641526909170215e-06
335.8 3.5161020883835353e-06
335.9 3.5686386078297585e-06
336.0 3.6217629923013826e-06
336.1 3.673654881450303e-06
336.2 3.7260584572264214e-06
336.3 3.778970753739072e-06
336.4 3.832387969853266e-06
336.5 3.8863054254985924e-06
336.6 3.9407171908337635e-06
336.7 3.9956467128888945e-06
336.8 4.0510966654249456e-06
336.9 4.107069717489311e-06
337.0 4.163568532807729e-06
337.1 4.212730018222074e-06
337.2 4.262311883643971e-06
337.3 4.312316431509048e-06
337.4 4.362745961468065e-06
337.5 4.4136027698587844e-06
337.6 4.473538867904661e-06
337.7 4.5341010717201505e-06
337.8 4.5952940776845384e-06
337.9 4.657122610384054e-06
338.0 4.719591423011202e-06
338.1 4.778886613525987e-06
338.2 4.838755410517937e-06
338.3 4.899201827823936e-06
338.4 4.960229904222075e-06
338.5 5.021843703836738e-06
338.6 5.078290014393206e-06
338.7 5.135218329669545e-06
338.8 5.192629157248779e-06
338.9 5.250523079853241e-06
339.0 5.30890076256368e-06
339.1 5.369939531255776e-06
339.2 5.431489854715032e-06
339.3 5.493552774388344e-06
339.4 5.55612944218413e-06
339.5 5.619221129008514e-06
339.6 5.678567644803743e-06
339.7 5.738343051400373e-06
339.8 5.798548280410526e-06
339.9 5.859184437089296e-06
340.0 5.920252810357798e-06
340.1 5.961729416644601e-06
340.2 6.003413667396233e-06
340.3 6.045306478502773e-06
340.4 6.087408985570174e-06
340.5 6.12972255123924e-06
340.6 6.1768598353860854e-06
340.7 6.2242680209097e-06
340.8 6.27194952315583e-06
340.9 6.319907007501205e-06
341.0 6.368143397850366e-06
341.1 6.424338320218743e-06
341.2 6.480909023353072e-06
341.3 6.537859815792717e-06
341.4 6.595195314886441e-06
341.5 6.652920457679499e-06
341.6 6.711040788889157e-06
341.7 6.76954909175165e-06
341.8 6.828447132042979e-06
341.9 6.887736678591942e-06
342.0 6.947419503262058e-06
342.1 7.0012769064315295e-06
342.2 7.055455146345155e-06
342.3 7.1099555111410485e-06
342.4 7.164779290343936e-06
342.5 7.2199277748081646e-06
342.6 7.2700975521617025e-06
342.7 7.3205249263303645e-06
342.8 7.371210702975892e-06
342.9 7.4221556872754735e-06
343.0 7.47336068401063e-06
343.1 7.509441423452489e-06
343.2 7.545653818776047e-06
343.3 7.581998121875439e-06
343.4 7.618474583593336e-06
343.5 7.655083453737336e-06
343.6 7.691845589447586e-06
343.7 7.728754577279742e-06
343.8 7.765804073072037e-06
343.9 7.802988126963581e-06
344.0 7.840301194718676e-06
344.1 7.872912575070346e-06
344.2 7.90561380314019e-06
344.3 7.938400568020545e-06
344.4 7.97126902042286e-06
344.5 8.004215783143222e-06
344.6 8.043047644570258e-06
344.7 8.081991693464036e-06
344.8 8.121045850150292e-06
344.9 8.160208540736105e-06
345.0 8.199478709898282e-06
345.1 8.246030529423874e-06
345.2 8.292748000981078e-06
345.3 8.339631857195363e-06
345.4 8.386683404986251e-06
345.5 8.433904541377373e-06
345.6 8.478271976664642e-06
345.7 8.522787194755834e-06
345.8 8.567453856995681e-06
345.9 8.612276274407302e-06
346.0 8.657259423339954e-06
346.1 8.694465857808948e-06
346.2 8.73178816034373e-06
346.3 8.769233185061865e-06
346.4 8.806808489066885e-06
346.5 8.844522345865492e-06
346.6 8.88238339329352e-06
346.7 8.920368514345437e-06
346.8 8.95847816889764e-06
346.9 8.996712820231437e-06
347.0 9.035072935008082e-06
347.1 9.088553094855252e-06
347.2 9.142273347297574e-06
347.3 9.196234624766284e-06
347.4 9.250437865361654e-06
347.5 9.304884012954262e-06
347.6 9.359574402581753e-06
347.7 9.414509322498197e-06
347.8 9.469689441007142e-06
347.9 9.52511542563825e-06
348.0 9.58078794310411e-06
348.1 9.614876606262822e-06
348.2 9.649059279626213e-06
348.3 9.68333604762139e-06
348.4 9.717706993561998e-06
348.5 9.752172199474695e-06
348.6 9.790191183043124e-06
348.7 9.828350065110952e-06
348.8 9.8666359144117e-06
348.9 9.905036587625254e-06
349.0 9.94354074679932e-06
349.1 9.984355654830127e-06
349.2 1.0025267248958264e-05
349.3 1.0066266730774517e-05
349.4 1.010734617312527e-05
349.5 1.0148498539695064e-05
349.6 1.0189717704782896e-05
349.7 1.0230999055599608e-05
349.8 1.0272338527432262e-05
349.9 1.0313733040201543e-05
350.0 1.0356130693825224e-05
350.1 1.0394772720323114e-05
350.2 1.0433448287813544e-05
350.3 1.047215846222261e-05
350.4 1.0510905396515721e-05
350.5 1.0549692350461118e-05
350.6 1.0592173667248316e-05
350.7 1.0634728599583801e-05
350.8 1.0677363694965616e-05
350.9 1.0720086685067347e-05
351.0 1.0762906507779634e-05
351.1 1.0794414047093564e-05
351.2 1.0825975817461768e-05
351.3 1.0857604326167853e-05
351.4 1.0889313319843342e-05
351.5 1.0921117801303017e-05
351.6 1.0956790681896272e-05
351.7 1.0992550696160403e-05
351.8 1.1028397833629816e-05
351.9 1.1064332093256497e-05
352.0 1.1100353483438232e-05
352.1 1.1132161283323313e-05
352.2 1.1164031155472947e-05
352.3 1.11959630683637e-05
352.4 1.1227957000821643e-05
352.5 1.1260012942014716e-05
352.6 1.128829301704125e-05
352.7 1.131662047597234e-05
352.8 1.1344995626037513e-05
352.9 1.1373418765629277e-05
353.0 1.1401890184109175e-05
353.1 1.1444730314864572e-05
353.2 1.1487693422933215e-05
353.3 1.1530779964932455e-05
353.4 1.1573990389184242e-05
353.5 1.1617325135601642e-05
353.6 1.165683248609246e-05
353.7 1.1696430906022728e-05
353.8 1.1736125769314743e-05
353.9 1.1775922127716499e-05
354.0 1.181582470444829e-05
354.1 1.1847658060530677e-05
354.2 1.1879566191665952e-05
354.3 1.1911552667373613e-05
354.4 1.1943620694656684e-05
354.5 1.1975773112687308e-05
354.6 1.2008012387784094e-05
354.7 1.2040339923317475e-05
354.8 1.2072757216371258e-05
354.9 1.2105265360743672e-05
355.0 1.2137865041379003e-05
355.1 1.2170397329344697e-05
355.2 1.2203020572295918e-05
355.3 1.223573419236296e-05
355.4 1.2268537180337369e-05
355.5 1.230142808983234e-05
355.6 1.2334405031556028e-05
355.7 1.2367467074455458e-05
355.8 1.2400611852184779e-05
355.9 1.2433836567704459e-05
356.0 1.2467137987610842e-05
356.1 1.2505586385821808e-05
356.2 1.2544127753976969e-05
356.3 1.2582757572754096e-05
356.4 1.2621470855705032e-05
356.5 1.2660262142751e-05
356.6 1.2703343070893371e-05
356.7 1.2746535888287121e-05
356.8 1.2789840793729674e-05
356.9 1.2833257986147167e-05
357.0 1.2876787664706957e-05
357.1 1.2908890921966915e-05
357.2 1.2941050448190705e-05
357.3 1.2973266302338216e-05
357.4 1.3005538543499556e-05
357.5 1.303786723071075e-05
357.6 1.307025242302268e-05
357.7 1.3102694179524321e-05
357.8 1.3135192559319552e-05
357.9 1.3167747621503882e-05
358.0 1.3200359425234039e-05
358.1 1.3231517456574623e-05
358.2 1.3262726383272241e-05
358.3 1.3293986254447644e-05
358.4 1.3325297119233719e-05
358.5 1.335665902684551e-05
358.6 1.338366773861848e-05
358.7 1.3410701302466934e-05
358.8 1.3437765564239554e-05
358.9 1.3464865980282922e-05
359.0 1.3492007612999282e-05
359.1 1.3528813652986722e-05
359.2 1.356570731520946e-05
359.3 1.3602692560700242e-05
359.4 1.3639772949405616e-05
359.5 1.3676951634183709e-05
359.6 1.3714230226137623e-05
359.7 1.3751611441864224e-05
359.8 1.3789097549744615e-05
359.9 1.3826690363738635e-05
360.0 1.3864391237035134e-05
360.1 1.3891045738003879e-05
360.2 1.3917766770667124e-05
360.3 1.3944554111114503e-05
360.4 1.3971407050979966e-05
360.5 1.3998324392954849e-05
360.6 1.4029857215574649e-05
360.7 1.4061465527717493e-05
360.8 1.4093146488550997e-05
360.9 1.4124896757839726e-05
361.0 1.4156712490416676e-05
361.1 1.4195765758270913e-05
361.2 1.4234906339261935e-05
361.3 1.4274128909108471e-05
361.4 1.4313427604777006e-05
361.5 1.4352796017471579e-05
361.6 1.4392227186133145e-05
361.7 1.4431739856931098e-05
361.8 1.447133390440837e-05
361.9 1.4511009185929466e-05
362.0 1.4550765541365347e-05
362.1 1.458294297583641e-05
362.2 1.461517048915851e-05
362.3 1.4647447809908108e-05
362.4 1.4679774648991996e-05
362.5 1.4712150699473748e-05
362.6 1.4749307528153715e-05
362.7 1.4786532381741689e-05
362.8 1.4823825436610717e-05
362.9 1.4861186885100411e-05
363.0 1.4898616935889045e-05
363.1 1.493835772623087e-05
363.2 1.4978177437730771e-05
363.3 1.5018076350628859e-05
363.4 1.5058054762347623e-05
363.5 1.5098112987780167e-05
363.6 1.513342502705022e-05
363.7 1.5168796820521179e-05
363.8 1.5204228641374634e-05
363.9 1.5239720749414784e-05
364.0 1.527527339071463e-05
364.1 1.5307479170938467e-05
364.2 1.5339731603018567e-05
364.3 1.5372030862394086e-05
364.4 1.540437711000228e-05
364.5 1.5436770492224292e-05
364.6 1.5469212413518534e-05
364.7 1.5501702542468885e-05
364.8 1.553424056055582e-05
364.9 1.5566826161939387e-05
365.0 1.5599459053746026e-05
365.1 1.5639810697868287e-05
365.2 1.5680241106474594e-05
365.3 1.5720750092145584e-05
365.4 1.5761337480457263e-05
365.5 1.5802003110252346e-05
365.6 1.5847749555958957e-05
365.7 1.589359573267047e-05
365.8 1.5939542001214862e-05
365.9 1.5985588708724548e-05
366.0 1.6031736188631347e-05
366.1 1.6067275371619107e-05
366.2 1.6102869263306883e-05
366.3 1.613851805205061e-05
366.4 1.6174221911106984e-05
366.5 1.6209980998375415e-05
366.6 1.6240699272691472e-05
366.7 1.627145873247146e-05
366.8 1.6302259303195192e-05
366.9 1.633310094252045e-05
367.0 1.6363983640786084e-05
367.1 1.6411495165408374e-05
367.2 1.6459114679653844e-05
367.3 1.6506842416353344e-05
367.4 1.655467864270269e-05
367.5 1.6602623660666473e-05
367.6 1.6650677807580338e-05
367.7 1.6698839558420674e-05
367.8 1.674710874636816e-05
367.9 1.679548520083357e-05
368.0 1.684396874746158e-05
368.1 1.687646167582104e-05
368.2 1.6908996599246234e-05
368.3 1.6941573203501465e-05
368.4 1.6974191171713764e-05
368.5 1.700685018439346e-05
368.6 1.704489315562187e-05
368.7 1.708302463415816e-05
368.8 1.7121230106655678e-05
368.9 1.715949607644629e-05
369.0 1.719781007578183e-05
