data/throughputs/total_comcam_r.ecsv
# %ECSV 1.0
# ---
# datatype:
# - {name: wavelength, unit: nm, datatype: float32}
# - {name: throughput, unit: '', datatype: float64}
# schema: astropy-2.0
wavelength throughput
[from data line 7649]
1064.9 2.579133981455328e-07
1065.0 2.5714653634437885e-07
1065.1 2.543627019041068e-07
1065.2 2.5159279658367613e-07
1065.3 2.488368220532733e-07
1065.4 2.460947799827589e-07
1065.5 2.4336667204169487e-07
1065.6 2.4065249990034953e-07
1065.7 2.3795226522815449e-07
1065.8 2.3526596969474019e-07
1065.9 2.3259361496969174e-07
1066.0 2.299352027227641e-07
1066.1 2.2728357145291118e-07
1066.2 2.2464608409432344e-07
1066.3 2.2202274026099625e-07
1066.4 2.1941353956661933e-07
1066.5 2.168184816248045e-07
1066.6 2.1423756604909832e-07
1066.7 2.1167079245321398e-07
1066.8 2.091181604503517e-07
1066.9 2.0657966965407646e-07
1067.0 2.0405531968371703e-07
1067.1 2.05109260377325e-07
1067.2 2.0611949463026796e-07
1067.3 2.0708602696549526e-07
1067.4 2.0800886190649478e-07
1067.5 2.0888800397599482e-07
1067.6 2.0972345769704927e-07
1067.7 2.105152275921717e-07
1067.8 2.1126331818398323e-07
1067.9 2.119677339952142e-07
1068.0 2.1262847954834598e-07
1068.1 2.1329058192883655e-07
1068.2 2.1390930361560285e-07
1068.3 2.1448462049936634e-07
1068.4 2.1501650847302826e-07
1068.5 2.1550494343144844e-07
1068.6 2.1594990127211458e-07
1068.7 2.1635135789424307e-07
1068.8 2.1670928919945548e-07
1068.9 2.1702367109155502e-07
1069.0 2.1729447947256434e-07
1069.1 2.154057246123325e-07
1069.2 2.135133422777664e-07
1069.3 2.1161733275384677e-07
1069.4 2.0971769632578278e-07
1069.5 2.0781443327930106e-07
1069.6 2.059493950256822e-07
1069.7 2.0407995409161294e-07
1069.8 2.0220610855152417e-07
1069.9 2.003278564796704e-07
1070.0 1.9844519595116484e-07
1070.1 1.9655310572767013e-07
1070.2 1.9465670928116877e-07
1070.3 1.9275600472322891e-07
1070.4 1.9085099016583622e-07
1070.5 1.8894166372137544e-07
1070.6 1.8702802350204485e-07
1070.7 1.8511006762046373e-07
1070.8 1.8318779418946172e-07
1070.9 1.8126120132188307e-07
1071.0 1.7933028713045653e-07
1071.1 1.769966112022471e-07
1071.2 1.7466809782642002e-07
1071.3 1.723447464963063e-07
1071.4 1.7002655670488358e-07
1071.5 1.6771352794550714e-07
1071.6 1.6540565971118805e-07
1071.7 1.6310295149545414e-07
1071.8 1.6080540279132186e-07
1071.9 1.5851301309200163e-07
1072.0 1.5622578189072194e-07
1072.1 1.5394850439001632e-07
1072.2 1.5167624514548477e-07
1072.3 1.49409004022909e-07
1072.4 1.4714678088835946e-07
1072.5 1.4488957560776183e-07
1072.6 1.426662912663966e-07
1072.7 1.404471138032091e-07
1072.8 1.3823204613460396e-07
1072.9 1.360210911759635e-07
1073.0 1.338142518440562e-07
1073.1 1.3213833758191097e-07
1073.2 1.3045016550911622e-07
1073.3 1.2874973027646984e-07
1073.4 1.2703702653588507e-07
1073.5 1.2531204894023356e-07
1073.6 1.2354980735012523e-07
1073.7 1.2177599863040214e-07
1073.8 1.1999062445429635e-07
1073.9 1.1819368649508068e-07
1074.0 1.1638518642582435e-07
1074.1 1.145057142185982e-07
1074.2 1.1261654643554012e-07
1074.3 1.1071770476339765e-07
1074.4 1.0880921088848726e-07
1074.5 1.0689108649765297e-07
1074.6 1.0504856809607703e-07
1074.7 1.0319341883216741e-07
1074.8 1.0132563150043826e-07
1074.9 9.944519889527276e-08
1075.0 9.755211381151962e-08
1075.1 9.748414560603275e-08
1075.2 9.744995981576862e-08
1075.3 9.741375296923486e-08
1075.4 9.737552183904991e-08
1075.5 9.733526319844887e-08
1075.6 9.725368733930204e-08
1075.7 9.717016085408552e-08
1075.8 9.708468283159777e-08
1075.9 9.699725236072384e-08
1076.0 9.690786853029676e-08
1076.1 9.679467315607869e-08
1076.2 9.667958010626494e-08
1076.3 9.656258968860846e-08
1076.4 9.644370221133969e-08
1076.5 9.632291798196487e-08
1076.6 9.614199296736095e-08
1076.7 9.595932266660176e-08
1076.8 9.577491083084015e-08
1076.9 9.558876121075965e-08
1077.0 9.540087755756529e-08
1077.1 9.599403111394826e-08
1077.2 9.657843661242944e-08
1077.3 9.715410850003053e-08
1077.4 9.772106122439315e-08
1077.5 9.827930923335106e-08
1077.6 9.892926200359876e-08
1077.7 9.957176098892149e-08
1077.8 1.0020679644669121e-07
1077.9 1.0083435863443254e-07
1078.0 1.0145443780934267e-07
1078.1 1.0208753362303945e-07
1078.2 1.0271336415931709e-07
1078.3 1.0333191475776522e-07
1078.4 1.039431707575369e-07
1078.5 1.0454711749749154e-07
1078.6 1.0510142707951238e-07
1078.7 1.0564806799035033e-07
1078.8 1.0618698846155691e-07
1078.9 1.0671813930596529e-07
1079.0 1.0724147403890449e-07
1079.1 1.0728043752378764e-07
1079.2 1.0731505754612834e-07
1079.3 1.0734530437941204e-07
1079.4 1.0737115190118529e-07
1079.5 1.0739257760933209e-07
1079.6 1.0732285018180318e-07
1079.7 1.0724864378082456e-07
1079.8 1.0716995913717905e-07
1079.9 1.0708680055693373e-07
1080.0 1.0699917591171239e-07
1080.1 1.0693604870285148e-07
1080.2 1.0686844493098397e-07
1080.3 1.0679637983017356e-07
1080.4 1.0671987215311263e-07
1080.5 1.0663894415480364e-07
1080.6 1.0664030338970388e-07
1080.7 1.0663725707249813e-07
1080.8 1.0662982718795938e-07
1080.9 1.0661803923069979e-07
1081.0 1.0660192219357792e-07
1081.1 1.068680994550358e-07
1081.2 1.0712716249617691e-07
1081.3 1.0737915367020088e-07
1081.4 1.0762411922881598e-07
1081.5 1.0786210933462747e-07
1081.6 1.081590305684154e-07
1081.7 1.0844916296364887e-07
1081.8 1.0873249118604669e-07
1081.9 1.0900899997270997e-07
1082.0 1.0927867413633982e-07
1082.1 1.0951642497963074e-07
1082.2 1.0974724749780144e-07
1082.3 1.0997113126947266e-07
1082.4 1.1018806596439831e-07
1082.5 1.1039804134632256e-07
1082.6 1.1046703498441796e-07
1082.7 1.1052868587182648e-07
1082.8 1.1058301328380364e-07
1082.9 1.1063003661142008e-07
1083.0 1.1066977536275647e-07
1083.1 1.1128213869593483e-07
1083.2 1.1188039131519256e-07
1083.3 1.124645677045182e-07
1083.4 1.1303470249364789e-07
1083.5 1.1359083045975408e-07
1083.6 1.142956782839485e-07
1083.7 1.1498826086471054e-07
1083.8 1.1566860890645e-07
1083.9 1.1633675065414553e-07
1084.0 1.1699271172912644e-07
1084.1 1.1762780716453088e-07
1084.2 1.1825075939843547e-07
1084.3 1.1886158667027885e-07
1084.4 1.1946030398999247e-07
1084.5 1.2004692300492402e-07
1084.6 1.2052384195806407e-07
1084.7 1.209878701636909e-07
1084.8 1.2143903494494577e-07
1084.9 1.218773594246678e-07
1085.0 1.2230286243807372e-07
1085.1 1.2353020463111392e-07
1085.2 1.2473181823418265e-07
1085.3 1.2590777806883612e-07
1085.4 1.2705815388492827e-07
1085.5 1.2818301018191887e-07
1085.6 1.2912426243239315e-07
1085.7 1.3003716227810232e-07
1085.8 1.3092184409199395e-07
1085.9 1.3177843674017931e-07
1086.0 1.3260706350781524e-07
1086.1 1.3365645292222807e-07
1086.2 1.3468221026567377e-07
1086.3 1.3568431241859035e-07
1086.4 1.366627301013169e-07
1086.5 1.376174278051108e-07
1086.6 1.3889165928379823e-07
1086.7 1.401471260153021e-07
1086.8 1.4138368730327027e-07
1086.9 1.4260120245336725e-07
1087.0 1.4379953077086398e-07
1087.1 1.4413022506630495e-07
1087.2 1.4444843728243688e-07
1087.3 1.4475410047591204e-07
1087.4 1.4504714772459997e-07
1087.5 1.453275121274221e-07
1087.6 1.454186122056093e-07
1087.7 1.4549691984229903e-07
1087.8 1.455624147584247e-07
1087.9 1.4561507668245385e-07
1088.0 1.4565488534888474e-07
1088.1 1.4551486466079872e-07
1088.2 1.4536210062196835e-07
1088.3 1.4519661723984388e-07
1088.4 1.4501843852003618e-07
1088.5 1.448275884664567e-07
1088.6 1.4453620931710135e-07
1088.7 1.442323627824195e-07
1088.8 1.4391609614222473e-07
1088.9 1.4358745667259531e-07
1089.0 1.4324649164708157e-07
1089.1 1.4298307765037868e-07
1089.2 1.4270717464342272e-07
1089.3 1.4241880634591858e-07
1089.4 1.421179964768031e-07
1089.5 1.4180476875370172e-07
1089.6 1.4150806740612438e-07
1089.7 1.4119889286360483e-07
1089.8 1.4087726107111664e-07
1089.9 1.405431879728994e-07
1090.0 1.4019668951283504e-07
1090.1 1.3980218430260972e-07
1090.2 1.3939540501874627e-07
1090.3 1.3897637847868998e-07
1090.4 1.3854513149084164e-07
1090.5 1.3810169085598719e-07
1090.6 1.379571799137358e-07
1090.7 1.377987970146413e-07
1090.8 1.3762648349043837e-07
1090.9 1.374401806953156e-07
1091.0 1.3723983000500556e-07
1091.1 1.3660254867664065e-07
1091.2 1.3595696183745202e-07
1091.3 1.3530304815223302e-07
1091.4 1.3464078628230146e-07
1091.5 1.339701548843999e-07
1091.6 1.3283243843519993e-07
1091.7 1.3169196390424847e-07
1091.8 1.305487796969898e-07
1091.9 1.2940293422759662e-07
1092.0 1.2825447591801953e-07
1092.1 1.2711537406251036e-07
1092.2 1.2597365465588758e-07
1092.3 1.2482936326527765e-07
1092.4 1.236825454420893e-07
1092.5 1.2253324672484397e-07
1092.6 1.2178536045938952e-07
1092.7 1.2102923870020554e-07
1092.8 1.2026486313387274e-07
1092.9 1.1949221545298902e-07
1093.0 1.1871127735570895e-07
1093.1 1.1710364468767712e-07
1093.2 1.1550154668118698e-07
1093.3 1.1390506331634378e-07
1093.4 1.123142745634329e-07
1093.5 1.10729260381934e-07
1093.6 1.0892757248595031e-07
1093.7 1.0713912628979979e-07
1093.8 1.053639205768657e-07
1093.9 1.0360195413087226e-07
1094.0 1.018532257345578e-07
1094.1 9.993709574306833e-08
1094.2 9.804039712114803e-08
1094.3 9.616305793301056e-08
1094.4 9.430500623993553e-08
1094.5 9.246617010095849e-08
1094.6 9.081500025105396e-08
1094.7 8.917682222659935e-08
1094.8 8.755163640477789e-08
1094.9 8.593944316282307e-08
1095.0 8.434024287742849e-08
1095.1 8.263167406587998e-08
1095.2 8.093966466180146e-08
1095.3 7.926420050290194e-08
1095.4 7.760526743135046e-08
1095.5 7.596285129308137e-08
1095.6 7.427555318425249e-08
1095.7 7.260737692238996e-08
1095.8 7.095826916880475e-08
1095.9 6.932817660350224e-08
1096.0 6.771704592542492e-08
1096.1 6.631020889275681e-08
1096.2 6.491381804604565e-08
1096.3 6.352795009551399e-08
1096.4 6.215268175054451e-08
1096.5 6.078808971957972e-08
1096.6 5.942204153799247e-08
1096.7 5.806741401283775e-08
1096.8 5.672427424659448e-08
1096.9 5.539268934122009e-08
1097.0 5.4072726396944345e-08
1097.1 5.258853977715256e-08
1097.2 5.112521469754286e-08
1097.3 4.9682662786646136e-08
1097.4 4.826079568123635e-08
1097.5 4.685952502643762e-08
1097.6 4.5506945967882464e-08
1097.7 4.417320249546303e-08
1097.8 4.2858235350040837e-08
1097.9 4.1561985277966465e-08
1098.0 4.0284393031257516e-08
1098.1 3.905563430591238e-08
1098.2 3.7843560245188976e-08
1098.3 3.664814807934046e-08
1098.4 3.54693750443292e-08
1098.5 3.870859688324757e-08
1098.6 4.026743752652565e-08
1098.7 4.0238833679599425e-08
1098.8 3.878734164252301e-08
1098.9 3.616688062663542e-08
1099.0 3.268061360983195e-08
1099.1 2.8536978613241195e-08
1099.2 2.4176223039813248e-08
1099.3 1.986420908268138e-08
1099.4 1.5813028321186727e-08
1099.5 1.217519799492033e-08
1099.6 9.06514571928676e-09
1099.7 6.4890427649130645e-09
1099.8 4.444484079804747e-09
1099.9 2.8938121230615794e-09
1100.0 0.0
1100.1 0.0
1100.2 0.0
1100.3 0.0
1100.4 0.0
1100.5 0.0
1100.6 0.0
1100.7 0.0
1100.8 -0.0
1100.9 -0.0
1101.0 -0.0
1101.1 -0.0
1101.2 -0.0
1101.3 -0.0
1101.4 -0.0
1101.5 0.0
1101.6 0.0
1101.7 0.0
1101.8 0.0
1101.9 0.0
1102.0 0.0
1102.1 0.0
1102.2 0.0
1102.3 0.0
1102.4 0.0
1102.5 0.0
1102.6 0.0
1102.7 0.0
1102.8 0.0
1102.9 0.0
1103.0 0.0
1103.1 0.0
1103.2 0.0
1103.3 0.0
1103.4 0.0
1103.5 0.0
1103.6 0.0
1103.7 0.0
1103.8 0.0
1103.9 0.0
1104.0 0.0
1104.1 0.0
1104.2 0.0
1104.3 0.0
1104.4 0.0
1104.5 0.0
1104.6 0.0
1104.7 0.0
1104.8 0.0
1104.9 0.0
1105.0 0.0
1105.1 0.0
1105.2 0.0
1105.3 0.0
1105.4 0.0
1105.5 0.0
1105.6 0.0
1105.7 0.0
1105.8 0.0
1105.9 0.0
1106.0 0.0
1106.1 0.0
1106.2 0.0
1106.3 0.0
1106.4 0.0
1106.5 0.0
1106.6 0.0
1106.7 0.0
1106.8 0.0
1106.9 0.0
1107.0 0.0
1107.1 0.0
1107.2 0.0
1107.3 0.0
1107.4 0.0
1107.5 0.0
1107.6 0.0
1107.7 0.0
1107.8 0.0
1107.9 0.0
1108.0 0.0
1108.1 0.0
1108.2 0.0
1108.3 0.0
1108.4 0.0
1108.5 0.0
1108.6 0.0
1108.7 0.0
1108.8 0.0
1108.9 0.0
1109.0 0.0
1109.1 0.0
1109.2 0.0
1109.3 0.0
1109.4 0.0
1109.5 0.0
1109.6 0.0
1109.7 0.0
1109.8 0.0
1109.9 0.0
1110.0 0.0
1110.1 0.0
1110.2 0.0
1110.3 0.0
1110.4 0.0
1110.5 0.0
1110.6 0.0
1110.7 0.0
1110.8 0.0
1110.9 0.0
1111.0 0.0
1111.1 0.0
1111.2 0.0
1111.3 0.0
1111.4 0.0
1111.5 0.0
1111.6 0.0
1111.7 0.0
1111.8 0.0
1111.9 0.0
1112.0 0.0
1112.1 0.0
1112.2 0.0
1112.3 0.0
1112.4 0.0
1112.5 0.0
1112.6 0.0
1112.7 0.0
1112.8 0.0
1112.9 0.0
1113.0 0.0
1113.1 0.0
1113.2 0.0
1113.3 0.0
1113.4 0.0
1113.5 0.0
1113.6 0.0
1113.7 0.0
1113.8 0.0
1113.9 0.0
1114.0 0.0
1114.1 0.0
1114.2 0.0
1114.3 0.0
1114.4 0.0
1114.5 0.0
1114.6 0.0
1114.7 0.0
1114.8 0.0
1114.9 0.0
1115.0 0.0
1115.1 0.0
1115.2 0.0
1115.3 0.0
1115.4 0.0
1115.5 0.0
1115.6 0.0
1115.7 0.0
1115.8 0.0
1115.9 0.0
1116.0 0.0
1116.1 0.0
1116.2 0.0
1116.3 0.0
1116.4 0.0
1116.5 0.0
1116.6 0.0
1116.7 0.0
1116.8 0.0
1116.9 0.0
1117.0 0.0
1117.1 0.0
1117.2 0.0
1117.3 0.0
1117.4 0.0
1117.5 0.0
1117.6 0.0
1117.7 0.0
1117.8 0.0
1117.9 0.0
1118.0 0.0
1118.1 0.0
1118.2 0.0
1118.3 0.0
1118.4 0.0
1118.5 0.0
1118.6 0.0
1118.7 0.0
1118.8 0.0
1118.9 0.0
1119.0 0.0
1119.1 0.0
1119.2 0.0
1119.3 0.0
1119.4 0.0
1119.5 0.0
1119.6 0.0
1119.7 0.0
1119.8 0.0
1119.9 0.0
1120.0 0.0
1120.1 0.0
1120.2 0.0
1120.3 0.0
1120.4 0.0
1120.5 0.0
1120.6 0.0
1120.7 0.0
1120.8 0.0
1120.9 0.0
1121.0 0.0
1121.1 0.0
1121.2 0.0
1121.3 0.0
1121.4 0.0
1121.5 0.0
1121.6 0.0
1121.7 0.0
1121.8 0.0
1121.9 0.0
1122.0 0.0
1122.1 0.0
1122.2 0.0
1122.3 0.0
1122.4 0.0
1122.5 0.0
1122.6 0.0
1122.7 0.0
1122.8 0.0
1122.9 0.0
1123.0 0.0
1123.1 0.0
1123.2 0.0
1123.3 0.0
1123.4 0.0
1123.5 0.0
1123.6 0.0
1123.7 0.0
1123.8 0.0
1123.9 0.0
1124.0 0.0
1124.1 0.0
1124.2 0.0
1124.3 0.0
1124.4 0.0
1124.5 0.0
1124.6 0.0
1124.7 0.0
1124.8 0.0
1124.9 0.0
1125.0 0.0
1125.1 0.0
1125.2 0.0
1125.3 0.0
1125.4 0.0
1125.5 0.0
1125.6 0.0
1125.7 0.0
1125.8 0.0
1125.9 0.0
1126.0 0.0
1126.1 0.0
1126.2 0.0
1126.3 0.0
1126.4 0.0
1126.5 0.0
1126.6 0.0
1126.7 0.0
1126.8 0.0
1126.9 0.0
1127.0 0.0
1127.1 0.0
1127.2 0.0
1127.3 0.0
1127.4 0.0
1127.5 0.0
1127.6 0.0
1127.7 0.0
1127.8 0.0
1127.9 0.0
1128.0 0.0
1128.1 0.0
1128.2 0.0
1128.3 0.0
1128.4 0.0
1128.5 0.0
1128.6 0.0
1128.7 0.0
1128.8 0.0
1128.9 0.0
1129.0 0.0
1129.1 0.0
1129.2 0.0
1129.3 0.0
1129.4 0.0
1129.5 0.0
1129.6 0.0
1129.7 0.0
1129.8 0.0
1129.9 0.0
1130.0 0.0
1130.1 0.0
1130.2 0.0
1130.3 0.0
1130.4 0.0
1130.5 0.0
1130.6 0.0
1130.7 0.0
1130.8 0.0
1130.9 0.0
1131.0 0.0
1131.1 0.0
1131.2 0.0
1131.3 0.0
1131.4 0.0
1131.5 0.0
1131.6 0.0
1131.7 0.0
1131.8 0.0
1131.9 0.0
1132.0 0.0
1132.1 0.0
1132.2 0.0
1132.3 0.0
1132.4 0.0
1132.5 0.0
1132.6 0.0
1132.7 0.0
1132.8 0.0
1132.9 0.0
1133.0 0.0
1133.1 0.0
1133.2 0.0
1133.3 0.0
1133.4 0.0
1133.5 0.0
1133.6 0.0
1133.7 0.0
1133.8 0.0
1133.9 0.0
1134.0 0.0
1134.1 0.0
1134.2 0.0
1134.3 0.0
1134.4 0.0
1134.5 0.0
1134.6 0.0
1134.7 0.0
1134.8 0.0
1134.9 0.0
1135.0 0.0
1135.1 0.0
1135.2 0.0
1135.3 0.0
1135.4 0.0
1135.5 0.0
1135.6 0.0
1135.7 0.0
1135.8 0.0
1135.9 0.0
1136.0 0.0
1136.1 0.0
1136.2 0.0
1136.3 0.0
1136.4 0.0
1136.5 0.0
1136.6 0.0
1136.7 0.0
1136.8 0.0
1136.9 0.0
1137.0 0.0
1137.1 0.0
1137.2 0.0
1137.3 0.0
1137.4 0.0
1137.5 0.0
1137.6 0.0
1137.7 0.0
1137.8 0.0
1137.9 0.0
1138.0 0.0
1138.1 0.0
1138.2 0.0
1138.3 0.0
1138.4 0.0
1138.5 0.0
1138.6 0.0
1138.7 0.0
1138.8 0.0
1138.9 0.0
1139.0 0.0
1139.1 0.0
1139.2 0.0
1139.3 0.0
1139.4 0.0
1139.5 0.0
1139.6 0.0
1139.7 0.0
1139.8 0.0
1139.9 0.0
1140.0 0.0
1140.1 0.0
1140.2 0.0
1140.3 0.0
1140.4 0.0
1140.5 0.0
1140.6 0.0
1140.7 0.0
1140.8 0.0
1140.9 0.0
1141.0 0.0
1141.1 0.0
1141.2 0.0
1141.3 0.0
1141.4 0.0
1141.5 0.0
1141.6 0.0
1141.7 0.0
1141.8 0.0
1141.9 0.0
1142.0 0.0
1142.1 0.0
1142.2 0.0
1142.3 0.0
1142.4 0.0
1142.5 0.0
1142.6 0.0
1142.7 0.0
1142.8 0.0
1142.9 0.0
1143.0 0.0
1143.1 0.0
1143.2 0.0
1143.3 0.0
1143.4 0.0
1143.5 0.0
1143.6 0.0
1143.7 0.0
1143.8 0.0
1143.9 0.0
1144.0 0.0
1144.1 0.0
1144.2 0.0
1144.3 0.0
1144.4 0.0
1144.5 0.0
1144.6 0.0
1144.7 0.0
1144.8 0.0
1144.9 0.0
1145.0 0.0
1145.1 0.0
1145.2 0.0
1145.3 0.0
1145.4 0.0
1145.5 0.0
1145.6 0.0
1145.7 0.0
1145.8 0.0
1145.9 0.0
1146.0 0.0
1146.1 0.0
1146.2 0.0
1146.3 0.0
1146.4 0.0
1146.5 0.0
1146.6 0.0
1146.7 0.0
1146.8 0.0
1146.9 0.0
1147.0 0.0
1147.1 0.0
1147.2 0.0
1147.3 0.0
1147.4 0.0
1147.5 0.0
1147.6 0.0
1147.7 0.0
1147.8 0.0
1147.9 0.0
1148.0 0.0
1148.1 0.0
1148.2 0.0
1148.3 0.0
1148.4 0.0
1148.5 0.0
1148.6 0.0
1148.7 0.0
1148.8 0.0
1148.9 0.0
1149.0 0.0
1149.1 0.0
1149.2 0.0
1149.3 0.0
1149.4 0.0
1149.5 0.0
1149.6 0.0
1149.7 0.0
1149.8 0.0
1149.9 0.0
1150.0 0.0
