data/throughputs/total_comcam_i.ecsv
# %ECSV 1.0
# ---
# datatype:
# - {name: wavelength, unit: nm, datatype: float32}
# - {name: throughput, unit: '', datatype: float64}
# schema: astropy-2.0
wavelength throughput
[from data line 4772]
777.2 0.6570051141965123
777.3 0.657044723588461
777.4 0.6570843318663652
777.5 0.6571239390307757
777.6 0.6571635450815463
777.7 0.657203150019228
777.8 0.6572427538436749
777.9 0.6572823565547415
778.0 0.6573219581523301
778.1 0.6574063795971631
778.2 0.6574908047360114
778.3 0.6575752335680263
778.4 0.6576596660937519
778.5 0.6577441023144308
778.6 0.6578285422285161
778.7 0.6579129858372507
778.8 0.6579974331404822
778.9 0.658081884138059
779.0 0.6581663388305062
779.1 0.6582320380814207
779.2 0.658297703932871
779.3 0.6583633363809399
779.4 0.6584289354238013
779.5 0.6584945010580884
779.6 0.6584252481739942
779.7 0.658355990232068
779.8 0.6582867272324512
779.9 0.6582174591752833
780.0 0.6581481860609264
780.1 0.6582818504376544
780.2 0.6584155153282513
780.3 0.6585491807343208
780.4 0.6586828466539817
780.5 0.6588165130881413
780.6 0.6589501800363128
780.7 0.6590838474980107
780.8 0.6592175154734454
780.9 0.6593511839621305
781.0 0.6594848529633476
781.1 0.6594055262943233
781.2 0.6593261938385552
781.3 0.659246855596887
781.4 0.6591675115694658
781.5 0.659088161756439
781.6 0.6590088061586494
781.7 0.6589294447762446
781.8 0.6588500776100685
781.9 0.6587707046595698
782.0 0.6586913259264282
782.1 0.6587383476516312
782.2 0.658785369008118
782.3 0.6588323899971193
782.4 0.6588794106184716
782.5 0.6589264308727086
782.6 0.6589734507582725
782.7 0.6590204702770923
782.8 0.6590674894283068
782.9 0.6591145082124505
783.0 0.6591615266299446
783.1 0.6591050213624545
783.2 0.6590485128083602
783.3 0.6589920009671257
783.4 0.6589354858396088
783.5 0.6588789674252723
783.6 0.658822445726369
783.7 0.6587659207416647
783.8 0.6587093924720169
783.9 0.6586528609182835
784.0 0.6585963260807447
784.1 0.6586493446057637
784.2 0.6587023639238476
784.3 0.6587553840334492
784.4 0.6588084049358125
784.5 0.6588614266300875
784.6 0.658914449118215
784.7 0.6589674723979508
784.8 0.6590204964712362
784.9 0.6590735213372224
785.0 0.6591265469965178
785.1 0.6592367266979247
785.2 0.659346907948861
785.3 0.6594570907510584
785.4 0.659567275103457
785.5 0.6596774610063921
785.6 0.6597876484595026
785.7 0.6598978374631244
785.8 0.6600080280161971
785.9 0.6601182201197562
786.0 0.6602284137723624
786.1 0.6599950309085199
786.2 0.6597616792427288
786.3 0.6595283587807924
786.4 0.6592950695285155
786.5 0.6590618114925495
786.6 0.658963618205339
786.7 0.6588654158989393
786.8 0.6587672045733431
786.9 0.6586689842278447
787.0 0.6585707548638954
787.1 0.6585291102785789
787.2 0.6584874275492638
787.3 0.6584457066772182
787.4 0.6584039476616178
787.5 0.6583621505024847
787.6 0.6584553829699074
787.7 0.6585486155433259
787.8 0.6586418482217129
787.9 0.6587350810054388
788.0 0.6588283138940791
788.1 0.658835302824407
788.2 0.658842240297985
788.3 0.6588491263106108
788.4 0.658855960858084
788.5 0.6588627439360534
788.6 0.6587341562812405
788.7 0.658605458808003
788.8 0.6584766515088835
788.9 0.6583477343750263
789.0 0.6582187073980647
789.1 0.6579002901718237
789.2 0.6575819106924181
789.3 0.6572635689629976
789.4 0.6569452649853142
789.5 0.6566269987628189
789.6 0.6565795247384796
789.7 0.6565320493177446
789.8 0.656484572500793
789.9 0.6564370942878025
790.0 0.656389614680493
790.1 0.6564696948519962
790.2 0.6565497760663994
790.3 0.6566298583227533
790.4 0.6567099416222079
790.5 0.6567900259645135
790.6 0.6568701113494202
790.7 0.6569501977759795
790.8 0.657030285246042
790.9 0.6571103737586583
791.0 0.657190463313619
791.1 0.6573056810468376
791.2 0.6574207622661716
791.3 0.6575357069621327
791.4 0.6576505151245321
791.5 0.6577651867442807
791.6 0.6576091007845684
791.7 0.6574530067356185
791.8 0.6572969045991792
791.9 0.6571407943749003
792.0 0.6569846760638144
792.1 0.6568152119385005
792.2 0.6566457591298175
792.3 0.6564763176398387
792.4 0.6563068874706346
792.5 0.6561374686252787
792.6 0.6562383404857025
792.7 0.6563391954389336
792.8 0.6564400334816457
792.9 0.6565408546133066
793.0 0.656641658833684
793.1 0.6570100023606374
793.2 0.6573782978790947
793.3 0.6577465453846447
793.4 0.6581147448728757
793.5 0.6584828963407735
793.6 0.6588509997832294
793.7 0.6592190551972293
793.8 0.6595870625783633
793.9 0.6599550219215231
794.0 0.6603229332231809
794.1 0.6602331169181617
794.2 0.6601432936938726
794.3 0.6600534635503902
794.4 0.659963626488489
794.5 0.6598737825080945
794.6 0.659649006470206
794.7 0.6594242602669409
794.8 0.6591995439021998
794.9 0.6589748573812789
795.0 0.658750200707292
795.1 0.6584453444453607
795.2 0.6581405151672719
795.3 0.657835712875228
795.4 0.6575309375714341
795.5 0.6572261892583339
795.6 0.6565170426573157
795.7 0.6558079662602373
795.8 0.6550989600727816
795.9 0.6543900241013306
796.0 0.6536811583528785
796.1 0.6535169851767337
796.2 0.653352728935534
796.3 0.6531883896254995
796.4 0.6530239672414585
796.5 0.6528594617805457
796.6 0.6535043335985377
796.7 0.6541493832420493
796.8 0.6547946107207536
796.9 0.6554400160457159
797.0 0.656085599224144
797.1 0.6564026414030837
797.2 0.6567195737566783
797.3 0.6570363962833725
797.4 0.6573531089802167
797.5 0.6576697118460479
797.6 0.6577164278381036
797.7 0.6577631063430031
797.8 0.657809747360679
797.9 0.6578563508910638
798.0 0.6579029169332171
798.1 0.6577936900311143
798.2 0.6576844586674676
798.3 0.6575752228439782
798.4 0.6574659825595609
798.5 0.6573567378159171
798.6 0.6572474886133534
798.7 0.6571382349528739
798.8 0.6570289768333948
798.9 0.6569197142573108
799.0 0.6568104472249443
799.1 0.6567143625763017
799.2 0.6566182637144722
799.3 0.6565221506388501
799.4 0.6564260233495276
799.5 0.6563298818455936
799.6 0.6559647778792951
799.7 0.6555997385257314
799.8 0.6552347638016511
799.9 0.6548698537251941
800.0 0.6544995726773664
800.1 0.6542691721060093
800.2 0.6540387354030996
800.3 0.6538082625748497
800.4 0.6535777536260845
800.5 0.6533472085640184
800.6 0.653385510319333
800.7 0.6534238074932335
800.8 0.6534621000850094
800.9 0.6535003880953398
801.0 0.6535386715240719
801.1 0.653456672380345
801.2 0.6533746724309462
801.3 0.6532926716763111
801.4 0.6532106701175697
801.5 0.6531286677560058
801.6 0.6531810363324924
801.7 0.6532333703597032
801.8 0.6532856698393736
801.9 0.6533379347697682
802.0 0.6533901651516807
802.1 0.6532262124181202
802.2 0.6530622599569418
802.3 0.6528983077683
802.4 0.6527343558544317
802.5 0.6525704042154918
802.6 0.6524064528530215
802.7 0.6522425017685626
802.8 0.6520785509622691
802.9 0.6519146004356818
803.0 0.6517506501902898
803.1 0.6515410448567064
803.2 0.6513313203342297
803.3 0.6511214766367084
803.4 0.6509115137786816
803.5 0.6507014317738457
803.6 0.6503576869642933
803.7 0.6500139641965543
803.8 0.6496702634711881
803.9 0.6493265847887548
804.0 0.6489829281510375
804.1 0.6485060220888855
804.2 0.6480291277416983
804.3 0.647552245111603
804.4 0.647075374200726
804.5 0.646598515012185
804.6 0.6463870152541821
804.7 0.6461751355718329
804.8 0.6459628759804498
804.9 0.6457502364980867
805.0 0.6455372171414389
805.1 0.6453303706418345
805.2 0.6451231399645107
805.3 0.6449155251159534
805.4 0.6447075261006029
805.5 0.6444991429239655
805.6 0.6440269698775319
805.7 0.6435547989136023
805.8 0.6430826300360102
805.9 0.6426104632472287
806.0 0.6421382985485969
806.1 0.6412711518478594
806.2 0.640404068873604
806.3 0.6395370496272982
806.4 0.6386700941104039
806.5 0.6378032023230329
806.6 0.6369363742659714
806.7 0.6360696099413503
806.8 0.6352029093499507
806.9 0.6343362724925525
807.0 0.6334696993697966
807.1 0.6324827918136394
807.2 0.6314958899318356
807.3 0.6305089937282176
807.4 0.6295221032099511
807.5 0.6285352183808691
807.6 0.6275483392474652
807.7 0.626561465814901
807.8 0.6255745980876763
807.9 0.6245877360722757
808.0 0.6236008797734776
808.1 0.622285868943831
808.2 0.6209713869838622
808.3 0.6196574338713253
808.4 0.6183440095852802
808.5 0.6170311141034699
808.6 0.6157187474036373
808.7 0.6144069094654734
808.8 0.6130956002667067
808.9 0.6117848197857128
809.0 0.6104745680002202
809.1 0.6091703848803952
809.2 0.6078667350377988
809.3 0.606563618445473
809.4 0.6052610350770998
809.5 0.6039589849071378
809.6 0.6027811153165057
809.7 0.6016032956626272
809.8 0.6004255259502567
809.9 0.5992478061835061
810.0 0.598070136366711
810.1 0.5965369636726999
810.2 0.5950037819436116
810.3 0.5934705911877878
810.4 0.5919373914141971
810.5 0.5904041826302696
810.6 0.5886293767583234
810.7 0.5868558199257741
810.8 0.5850835121531762
810.9 0.58331245345982
811.0 0.5815426438640414
811.1 0.5794948283021425
811.2 0.5774491457153085
811.3 0.5754055960206907
811.4 0.5733641791360411
811.5 0.5713248949804413
811.6 0.5694051950364505
811.7 0.5674869329147133
811.8 0.5655701085625321
811.9 0.5636547219271998
812.0 0.5617407729559578
812.1 0.5597946906212253
812.2 0.5578493429978985
812.3 0.5559047301100443
812.4 0.5539608519799358
812.5 0.5520177086306891
812.6 0.549278749177665
812.7 0.5465458194692049
812.8 0.5438189196230713
812.9 0.5410980497557897
813.0 0.5383832099825705
813.1 0.5346042390021513
813.2 0.530838567979447
813.3 0.527086195472579
813.4 0.523347120040222
813.5 0.5196213402427389
813.6 0.5168957153550169
813.7 0.5141754984305485
813.8 0.5114606888936325
813.9 0.5087512861691201
814.0 0.506047289682084
814.1 0.5035525306310505
814.2 0.50106056972404
814.3 0.49857140693578833
814.4 0.49608504224045397
814.5 0.49360147561185336
814.6 0.490384866927233
814.7 0.48717754084883075
814.8 0.48397949726737854
814.9 0.4807907360708165
815.0 0.4776112571494477
815.1 0.47424312222111553
815.2 0.4708856365809791
815.3 0.4675388001981874
815.4 0.4642026130402048
815.5 0.46087707507712583
815.6 0.457662550870478
815.7 0.45445770823623544
815.8 0.4512625471461688
815.9 0.44807706757246785
816.0 0.44490126948779596
816.1 0.4417952204203357
816.2 0.4386959265258708
816.3 0.435603387543718
816.4 0.4325176032131312
816.5 0.4294385732770241
816.6 0.4282680204694247
816.7 0.42708193475023004
816.8 0.4258803167641212
816.9 0.4246631671568852
817.0 0.42343048657120913
817.1 0.4206666806969875
817.2 0.4179030058538625
817.3 0.4151394620504715
817.4 0.4123760492949834
817.5 0.4096127675927484
817.6 0.40524363163038946
817.7 0.40089644005427416
817.8 0.396571191322131
817.9 0.3922678838892595
818.0 0.3879865162192831
818.1 0.38668886045186707
818.2 0.38537556161346465
818.3 0.38404662016454283
818.4 0.3827020365661485
818.5 0.38134181127873734
818.6 0.3797156378181665
818.7 0.3780771855965328
818.8 0.3764264549788151
818.9 0.37476344633052294
819.0 0.37308816001369766
819.1 0.3701550316366004
819.2 0.36722053922933295
819.3 0.36428468277442694
819.4 0.36134746225359676
819.5 0.35840887764888735
819.6 0.3553916698838746
819.7 0.3523744098511711
819.8 0.3493570975672
819.9 0.3463397330479835
820.0 0.34332231631416876
820.1 0.3422460296311873
820.2 0.3411402120905968
820.3 0.3400048673478928
820.4 0.338839999058185
820.5 0.33764561087571676
820.6 0.3359962152603108
820.7 0.3343247451051278
820.8 0.3326312031511638
820.9 0.3309155921401435
821.0 0.3291779148107865
821.1 0.3260876326265703
821.2 0.32299973856915265
821.3 0.3199142327401962
821.4 0.3168311152413414
821.5 0.3137503861731689
821.6 0.3100892927409868
821.7 0.30644164635173254
821.8 0.3028074474941428
821.9 0.2991866966561521
822.0 0.2955793943216297
822.1 0.29004536750903304
822.2 0.2845630667471883
822.3 0.27913249212805985
822.4 0.273753643744028
822.5 0.2684265216838614
822.6 0.26239175542341675
822.7 0.25642552770727556
822.8 0.25052783864958567
822.9 0.24469868836320816
823.0 0.23893807697087818
823.1 0.23748253907279598
823.2 0.23599791284630128
823.3 0.23448420145417762
823.4 0.2329414080587026
823.5 0.23136953582595227
823.6 0.23127680182068894
823.7 0.2311180849138672
823.8 0.23089339225212188
823.9 0.2306027309819582
824.0 0.2302461082467627
824.1 0.22859270626929587
824.2 0.22691675555119412
824.3 0.2252182568976207
824.4 0.22349721111467813
824.5 0.2217536190061282
824.6 0.21929642123092988
824.7 0.2168336345059483
824.8 0.21436525904174153
824.9 0.21189129504890764
825.0 0.2094111622830121
825.1 0.2064615655243288
825.2 0.2035178157516882
825.3 0.20057991258365576
825.4 0.19764785563891263
825.5 0.19472164453539406
825.6 0.19180127889158466
825.7 0.18888675832585755
825.8 0.18597808245586736
825.9 0.18307525089979157
826.0 0.18017826327711584
826.1 0.17797124976225398
826.2 0.1757509382138861
826.3 0.17351733005338996
826.4 0.17127042670230114
826.5 0.16901022958161432
826.6 0.16645896128872759
826.7 0.1639033873591757
826.8 0.16134350827784003
826.9 0.1587793245300073
827.0 0.1562108365991241
827.1 0.1530618808328561
827.2 0.149936863052951
827.3 0.14683578065082548
827.4 0.1437586310171446
827.5 0.14070541154360874
827.6 0.1379711820273899
827.7 0.1352509799188275
827.8 0.13254480370119365
827.9 0.1298526518571444
828.0 0.12717452287090122
828.1 0.12522146153614513
828.2 0.12326001810788584
828.3 0.12129019362025266
828.4 0.1193119891077342
828.5 0.11732540560423432
828.6 0.11510837011960855
828.7 0.11289151150904411
828.8 0.1106748297836038
828.9 0.10845832495421964
829.0 0.10624199703211448
829.1 0.10407099376034178
829.2 0.10189625870961158
829.3 0.09971779226537263
829.4 0.09753559481345672
829.5 0.09534966673966326
829.6 0.0932792150938443
829.7 0.09119922189672307
829.8 0.08910968808980894
829.9 0.08701061461483338
830.0 0.0849020024137129
830.1 0.08315080946084093
830.2 0.08139822864030712
830.3 0.0796442601168633
830.4 0.07788890405518685
830.5 0.07613216062027427
830.6 0.074483703077124
830.7 0.07282857907532016
830.8 0.07116678931673852
830.9 0.06949833450341625
831.0 0.06782321533706641
831.1 0.06599227970508201
831.2 0.0641620898760839
831.3 0.06233264587910715
831.4 0.0605039477431675
831.5 0.05867599549690823
831.6 0.05671807498082371
831.7 0.05476924678521525
831.8 0.05282951102720418
831.9 0.050898867823817764
832.0 0.04897731729265797
832.1 0.04758366253777795
832.2 0.0461852034187591
832.3 0.044781940880789455
832.4 0.043373875869238285
832.5 0.04196100932938351
832.6 0.040568825136713844
832.7 0.03916997087577057
832.8 0.03776444784718476
832.9 0.03635225735155737
833.0 0.03493340068955951
833.1 0.03374853872635645
833.2 0.032564725616565184
833.3 0.03138196127153449
833.4 0.030200245602772492
833.5 0.02901957852165692
833.6 0.027857368874521733
833.7 0.02669477091225299
833.8 0.025531770082582412
833.9 0.024368354753871904
834.0 0.02320451602242692
834.1 0.022392251393590894
834.2 0.0215772072867947
834.3 0.020759380700772233
834.4 0.019938770255264148
834.5 0.01911537606088029
834.6 0.01827039589944805
834.7 0.0174244001345306
834.8 0.016577392118936194
834.9 0.015729376205672146
835.0 0.014880357602966576
835.1 0.014289003486278831
835.2 0.013698152895530395
835.3 0.013107810604142673
835.4 0.012517981712049927
835.5 0.011928671544071406
835.6 0.011344553153889764
835.7 0.0107604832183726
835.8 0.010176467569532666
835.9 0.009592511785959696
836.0 0.00900862109831499
836.1 0.008632860162132954
836.2 0.008256823983420062
836.3 0.007880516240409348
836.4 0.007503940247017319
836.5 0.007127098890507432
836.6 0.006749995125684865
836.7 0.00637261853183816
836.8 0.005994968930245636
836.9 0.005617046168410974
837.0 0.005238850118359075
837.1 0.005006886915575144
837.2 0.004774870233012517
837.3 0.004542800005519302
837.4 0.0043106761803329225
837.5 0.00407849871586207
837.6 0.0038454802203317508
837.7 0.0036125031334608123
837.8 0.003379567462651667
837.9 0.003146673218253043
838.0 0.002913820414897999
838.1 0.0028018798377601978
838.2 0.002689857981258667
838.3 0.0025777548601105915
838.4 0.0024655704918264357
838.5 0.0023533048972698358
838.6 0.002240500482612898
838.7 0.0021276614102995577
838.8 0.002014787736796197
838.9 0.0019018795129337593
839.0 0.0017889367833633454
839.1 0.0017057476929253396
839.2 0.0016225691429508423
839.3 0.0015394011546899754
839.4 0.0014562437435999259
839.5 0.0013730969189383476
839.6 0.0012902239406671154
839.7 0.001207327480585354
839.8 0.0011244075239134012
839.9 0.0010414640569981683
840.0 0.0009584970677825106
840.1 0.0009133397396834399
840.2 0.000868206899533711
