data/throughputs/total_comcam_y.ecsv
# %ECSV 1.0
# ---
# datatype:
# - {name: wavelength, unit: nm, datatype: float32}
# - {name: throughput, unit: '', datatype: float64}
# schema: astropy-2.0
wavelength throughput
[from data line 7632]
1063.2 0.023227556496589707
1063.3 0.02308683062691952
1063.4 0.022946078874302646
1063.5 0.02280530124264936
1063.6 0.02265988644441817
1063.7 0.02251450308103042
1063.8 0.022369151172162934
1063.9 0.022223830737583924
1064.0 0.022078541797033904
1064.1 0.021933165629286478
1064.2 0.02178782378491221
1064.3 0.021642516259002584
1064.4 0.021497243046694953
1064.5 0.021352004143081305
1064.6 0.02120679954332108
1064.7 0.021061629242485676
1064.8 0.020916493235713613
1064.9 0.020771391518142644
1065.0 0.02062632408487304
1065.1 0.02048460147539268
1065.2 0.02034286681011423
1065.3 0.020201120089251814
1065.4 0.020059361312998115
1065.5 0.019917590481525797
1065.6 0.019775807595070048
1065.7 0.0196340126538029
1065.8 0.019492205657917372
1065.9 0.019350386607607212
1066.0 0.019208555503088167
1066.1 0.019067772336634738
1066.2 0.018926961211342817
1066.3 0.018786122128410684
1066.4 0.01864525508901672
1066.5 0.018504360094338767
1066.6 0.01836343714555485
1066.7 0.01822248624386273
1066.8 0.018081507390421997
1066.9 0.01794050058642977
1067.0 0.017799465833039367
1067.1 0.017654892205639355
1067.2 0.017510347552399195
1067.3 0.01736583187115047
1067.4 0.01722134515977931
1067.5 0.017076887416117865
1067.6 0.01693245863803421
1067.7 0.01678805882336022
1067.8 0.016643687969945704
1067.9 0.01649934607565842
1068.0 0.016355033138352574
1068.1 0.016213084374797307
1068.2 0.016071122419605153
1068.3 0.015929147298695302
1068.4 0.01578715903798487
1068.5 0.01564515766337203
1068.6 0.015503143200785809
1068.7 0.015361115676121225
1068.8 0.015219075115287735
1068.9 0.015077021544192088
1069.0 0.01493495498872842
1069.1 0.014795674070849113
1069.2 0.014656326914169526
1069.3 0.01451691352432606
1069.4 0.014377433906970683
1069.5 0.014237888067790737
1069.6 0.014101141515641975
1069.7 0.013964271973177858
1069.8 0.013827279405684574
1069.9 0.013690163778424918
1070.0 0.013552925056700886
1070.1 0.013410624590440009
1070.2 0.013268304680941466
1070.3 0.013125965350026261
1070.4 0.012983606619527504
1070.5 0.012841228511289021
1070.6 0.012698831047125601
1070.7 0.012556414248864386
1070.8 0.012413978138330468
1070.9 0.012271522737333583
1071.0 0.012129048067706344
1071.1 0.01198605020214116
1071.2 0.011843045718234182
1071.3 0.011700034617496153
1071.4 0.011557016901413161
1071.5 0.011413992571496211
1071.6 0.011270961629232227
1071.7 0.011127924076142723
1071.8 0.01098487991371372
1071.9 0.010841829143443695
1072.0 0.010698771766832775
1072.1 0.010556645424866954
1072.2 0.010414487023448233
1072.3 0.010272296563914084
1072.4 0.010130074047623778
1072.5 0.009987819475928703
1072.6 0.009847527892292377
1072.7 0.009707146578653425
1072.8 0.009566675516909644
1072.9 0.009426114688898809
1073.0 0.009285464076490666
1073.1 0.009139423172786518
1073.2 0.008993457271587518
1073.3 0.00884756643687037
1073.4 0.00870175073258844
1073.5 0.008556010222661364
1073.6 0.008408644537364394
1073.7 0.008261413721628526
1073.8 0.008114317757531225
1073.9 0.0079673566271605
1074.0 0.007820530312604282
1074.1 0.007673244545542789
1074.2 0.007526114842484884
1074.3 0.007379141234904619
1074.4 0.007232323754243606
1074.5 0.007085662431974914
1074.6 0.006944790875575464
1074.7 0.0068038446326885065
1074.8 0.006662823693494106
1074.9 0.0065217280481579395
1075.0 0.006380557686867387
1075.1 0.00635738222333599
1075.2 0.006336530790152035
1075.3 0.006315661834376439
1075.4 0.006294775377330121
1075.5 0.006273871440332934
1075.6 0.006250425130523082
1075.7 0.00622698133999373
1075.8 0.006203540074921853
1075.9 0.006180101341476945
1076.0 0.006156665145818496
1076.1 0.006135402402457068
1076.2 0.0061141262389698935
1076.3 0.006092836657759542
1076.4 0.006071533661259963
1076.5 0.006050217251860566
1076.6 0.006025237247887903
1076.7 0.006000269680342044
1076.8 0.005975314575975752
1076.9 0.005950371961554353
1077.0 0.005925441863829461
1077.1 0.005899743325848796
1077.2 0.0058740645964009556
1077.3 0.005848405688356318
1077.4 0.005822766614609668
1077.5 0.005797147388054006
1077.6 0.005777411032528741
1077.7 0.005757649699997236
1077.8 0.005737863381904879
1077.9 0.005718052069709113
1078.0 0.005698215754848346
1078.1 0.005677636300710776
1078.2 0.005657035725605337
1078.3 0.00563641404454305
1078.4 0.0056157712725296025
1078.5 0.005595107424573028
1078.6 0.005572179188039565
1078.7 0.005549254145608657
1078.8 0.005526329735801318
1078.9 0.0055034036236392535
1079.0 0.005480473696748956
1079.1 0.005459510375009821
1079.2 0.0054385229997196485
1079.3 0.005417510095320298
1079.4 0.005396470391685102
1079.5 0.005375402820662962
1079.6 0.005349983945347526
1079.7 0.005324569627199919
1079.8 0.0052991595302429514
1079.9 0.005273753500670245
1080.0 0.0052483515626979265
1080.1 0.005217672112131964
1080.2 0.005187053370857668
1080.3 0.005156495781357901
1080.4 0.0051259999449919475
1080.5 0.005095566617058602
1080.6 0.005069317260535791
1080.7 0.005043088059232578
1080.8 0.005016880280306289
1080.9 0.004990695330046927
1081.0 0.004964534749676725
1081.1 0.004941131017430572
1081.2 0.004917731072477863
1081.3 0.00489433681959376
1081.4 0.004870950286324626
1081.5 0.004847573619236118
1081.6 0.004827148083585793
1081.7 0.004806699793804687
1081.8 0.0047862285889897225
1081.9 0.004765734315854178
1082.0 0.004745216828656198
1082.1 0.00472459767316424
1082.2 0.00470395660353725
1082.3 0.004683293484070242
1082.4 0.004662608186205883
1082.5 0.004641900588425827
1082.6 0.004615571229004772
1082.7 0.004589274279186183
1082.8 0.00456300979074317
1082.9 0.004536777819330528
1083.0 0.004510578424374044
1083.1 0.004485092917803044
1083.2 0.00445963204128219
1083.3 0.004434195882123616
1083.4 0.004408784530926911
1083.5 0.004383398081473026
1083.6 0.004364248827891647
1083.7 0.00434505870104677
1083.8 0.004325829772419667
1083.9 0.004306563937187101
1084.0 0.004287262917185327
1084.1 0.004266168961720484
1084.2 0.004245059704671783
1084.3 0.0042239363899609465
1084.4 0.004202800098430435
1084.5 0.004181651751249242
1084.6 0.004157125338400071
1084.7 0.004132626101281289
1084.8 0.004108154327868405
1084.9 0.004083710154158518
1085.0 0.004059293568383526
1085.1 0.004031812698422123
1085.2 0.00400439472063952
1085.3 0.003977039171739575
1085.4 0.0039497454592471665
1085.5 0.003922512866133898
1085.6 0.0038905756129933525
1085.7 0.0038587545852683865
1085.8 0.0038270487383909803
1085.9 0.0037954569290258805
1086.0 0.003763977920146721
1086.1 0.0037397002513551523
1086.2 0.003715445792744565
1086.3 0.003691213085847927
1086.4 0.0036670005864453893
1086.5 0.0036428066685483982
1086.6 0.003627595879661049
1086.7 0.0036122946247986116
1086.8 0.003596902923550585
1086.9 0.003581420795518245
1087.0 0.003565848260290489
1087.1 0.0035492791720210556
1087.2 0.003532630781667052
1087.3 0.003515903119107338
1087.4 0.003499096214207665
1087.5 0.003482210096817153
1087.6 0.0034610436513850436
1087.7 0.0034398545586489726
1087.8 0.0034186428280252984
1087.9 0.0033974084689428925
1088.0 0.0033761514908072685
1088.1 0.003350760086324602
1088.2 0.0033254032642952274
1088.3 0.0033000810130185765
1088.4 0.003274793320791275
1088.5 0.0032495401759103067
1088.6 0.0032223622868217386
1088.7 0.0031952471642543103
1088.8 0.003168194785067951
1088.9 0.003141205126117115
1089.0 0.003114278164278656
1089.1 0.0030900896561655957
1089.2 0.0030659230777742496
1089.3 0.003041778439117393
1089.4 0.0030176557502103745
1089.5 0.00299355502105964
1089.6 0.002970083268273383
1089.7 0.002946624399023081
1089.8 0.0029231784200657524
1089.9 0.002899745338155069
1090.0 0.0028763251600481213
1090.1 0.002851660935406294
1090.2 0.002827030240116895
1090.3 0.002802433063464305
1090.4 0.002777869394734967
1090.5 0.002753339223245791
1090.6 0.002735010047572018
1090.7 0.002716611307913128
1090.8 0.002698143029972531
1090.9 0.0026796052394514047
1091.0 0.0026609979620430177
1091.1 0.0026406917965073567
1091.2 0.002620344461036776
1091.3 0.002599955973922863
1091.4 0.002579526353458676
1091.5 0.0025590556179178113
1091.6 0.002529807906236499
1091.7 0.0025006780964560906
1091.8 0.0024716661481689267
1091.9 0.002442772020967764
1092.0 0.002413995674428893
1092.1 0.0023862098513217785
1092.2 0.0023585234930825236
1092.3 0.0023309366113867043
1092.4 0.0023034492178886025
1092.5 0.0022760613242738675
1092.6 0.002256254823404974
1092.7 0.002236400817298372
1092.8 0.0022164993020697098
1092.9 0.002196550273828851
1093.0 0.0021765537287019195
1093.1 0.0021581740003683634
1093.2 0.0021397101547187374
1093.3 0.002121162253247459
1093.4 0.002102530357444544
1093.5 0.0020838145287770692
1093.6 0.002060804808714848
1093.7 0.002037805250387663
1093.8 0.002014815852982852
1093.9 0.0019918366156942025
1094.0 0.001968867537696971
1094.1 0.001942638257414107
1094.2 0.0019164952601681414
1094.3 0.0018904385296131107
1094.4 0.0018644680494015085
1094.5 0.0018385838031980274
1094.6 0.0018161559609452657
1094.7 0.0017937310936749179
1094.8 0.0017713092015942745
1094.9 0.0017488902849142815
1095.0 0.0017264743438416214
1095.1 0.001703792858784624
1095.2 0.0016811213827963329
1095.3 0.0016584599158572873
1095.4 0.0016358084579528279
1095.5 0.001613167009058502
1095.6 0.0015892221624187169
1095.7 0.0015653241499952962
1095.8 0.0015414729697789736
1095.9 0.001517668619761766
1096.0 0.0014939110979419609
1096.1 0.0014739815658774877
1096.2 0.0014539842599341221
1096.3 0.001433919212361425
1096.4 0.0014137864554107744
1096.5 0.0013935860213332067
1096.6 0.0013730358310555578
1096.7 0.0013524272950092573
1096.8 0.0013317604414173569
1096.9 0.0013110352985100907
1097.0 0.0012902518944956627
1097.1 0.0012648073442338365
1097.2 0.0012394706270390916
1097.3 0.00121424161497188
1097.4 0.0011891201801038599
1097.5 0.0011641061945205059
1097.6 0.001139905499861357
1097.7 0.0011157838344936324
1097.8 0.001091741112655883
1097.9 0.0010677772485942522
1098.0 0.0010438921565690633
1098.1 0.001021917041487736
1098.2 0.000999939892568967
1098.3 0.0009779607391604075
1098.4 0.0009559796106017493
1098.5 0.001053821822821587
1098.6 0.0011074347028316688
1098.7 0.0011180323774133973
1098.8 0.0010888928724959931
1098.9 0.0010259694707419594
1099.0 0.0009368817528270781
1099.1 0.0008296303999544368
1099.2 0.000712916177712308
1099.3 0.000594276572089264
1099.4 0.00048006107420892806
1099.5 0.0003751641612720969
1099.6 0.000283587329305487
1099.7 0.00020614152628213668
1099.8 0.00014341299973487219
1099.9 9.487086761850076e-05
1100.0 0.0
1100.1 0.0
1100.2 0.0
1100.3 0.0
1100.4 0.0
1100.5 0.0
1100.6 0.0
1100.7 0.0
1100.8 -0.0
1100.9 -0.0
1101.0 -0.0
1101.1 -0.0
1101.2 -0.0
1101.3 -0.0
1101.4 -0.0
1101.5 0.0
1101.6 0.0
1101.7 0.0
1101.8 0.0
1101.9 0.0
1102.0 0.0
1102.1 0.0
1102.2 0.0
1102.3 0.0
1102.4 0.0
1102.5 0.0
1102.6 0.0
1102.7 0.0
1102.8 0.0
1102.9 0.0
1103.0 0.0
1103.1 0.0
1103.2 0.0
1103.3 0.0
1103.4 0.0
1103.5 0.0
1103.6 0.0
1103.7 0.0
1103.8 0.0
1103.9 0.0
1104.0 0.0
1104.1 0.0
1104.2 0.0
1104.3 0.0
1104.4 0.0
1104.5 0.0
1104.6 0.0
1104.7 0.0
1104.8 0.0
1104.9 0.0
1105.0 0.0
1105.1 0.0
1105.2 0.0
1105.3 0.0
1105.4 0.0
1105.5 0.0
1105.6 0.0
1105.7 0.0
1105.8 0.0
1105.9 0.0
1106.0 0.0
1106.1 0.0
1106.2 0.0
1106.3 0.0
1106.4 0.0
1106.5 0.0
1106.6 0.0
1106.7 0.0
1106.8 0.0
1106.9 0.0
1107.0 0.0
1107.1 0.0
1107.2 0.0
1107.3 0.0
1107.4 0.0
1107.5 0.0
1107.6 0.0
1107.7 0.0
1107.8 0.0
1107.9 0.0
1108.0 0.0
1108.1 0.0
1108.2 0.0
1108.3 0.0
1108.4 0.0
1108.5 0.0
1108.6 0.0
1108.7 0.0
1108.8 0.0
1108.9 0.0
1109.0 0.0
1109.1 0.0
1109.2 0.0
1109.3 0.0
1109.4 0.0
1109.5 0.0
1109.6 0.0
1109.7 0.0
1109.8 0.0
1109.9 0.0
1110.0 0.0
1110.1 0.0
1110.2 0.0
1110.3 0.0
1110.4 0.0
1110.5 0.0
1110.6 0.0
1110.7 0.0
1110.8 0.0
1110.9 0.0
1111.0 0.0
1111.1 0.0
1111.2 0.0
1111.3 0.0
1111.4 0.0
1111.5 0.0
1111.6 0.0
1111.7 0.0
1111.8 0.0
1111.9 0.0
1112.0 0.0
1112.1 0.0
1112.2 0.0
1112.3 0.0
1112.4 0.0
1112.5 0.0
1112.6 0.0
1112.7 0.0
1112.8 0.0
1112.9 0.0
1113.0 0.0
1113.1 0.0
1113.2 0.0
1113.3 0.0
1113.4 0.0
1113.5 0.0
1113.6 0.0
1113.7 0.0
1113.8 0.0
1113.9 0.0
1114.0 0.0
1114.1 0.0
1114.2 0.0
1114.3 0.0
1114.4 0.0
1114.5 0.0
1114.6 0.0
1114.7 0.0
1114.8 0.0
1114.9 0.0
1115.0 0.0
1115.1 0.0
1115.2 0.0
1115.3 0.0
1115.4 0.0
1115.5 0.0
1115.6 0.0
1115.7 0.0
1115.8 0.0
1115.9 0.0
1116.0 0.0
1116.1 0.0
1116.2 0.0
1116.3 0.0
1116.4 0.0
1116.5 0.0
1116.6 0.0
1116.7 0.0
1116.8 0.0
1116.9 0.0
1117.0 0.0
1117.1 0.0
1117.2 0.0
1117.3 0.0
1117.4 0.0
1117.5 0.0
1117.6 0.0
1117.7 0.0
1117.8 0.0
1117.9 0.0
1118.0 0.0
1118.1 0.0
1118.2 0.0
1118.3 0.0
1118.4 0.0
1118.5 0.0
1118.6 0.0
1118.7 0.0
1118.8 0.0
1118.9 0.0
1119.0 0.0
1119.1 0.0
1119.2 0.0
1119.3 0.0
1119.4 0.0
1119.5 0.0
1119.6 0.0
1119.7 0.0
1119.8 0.0
1119.9 0.0
1120.0 0.0
1120.1 0.0
1120.2 0.0
1120.3 0.0
1120.4 0.0
1120.5 0.0
1120.6 0.0
1120.7 0.0
1120.8 0.0
1120.9 0.0
1121.0 0.0
1121.1 0.0
1121.2 0.0
1121.3 0.0
1121.4 0.0
1121.5 0.0
1121.6 0.0
1121.7 0.0
1121.8 0.0
1121.9 0.0
1122.0 0.0
1122.1 0.0
1122.2 0.0
1122.3 0.0
1122.4 0.0
1122.5 0.0
1122.6 0.0
1122.7 0.0
1122.8 0.0
1122.9 0.0
1123.0 0.0
1123.1 0.0
1123.2 0.0
1123.3 0.0
1123.4 0.0
1123.5 0.0
1123.6 0.0
1123.7 0.0
1123.8 0.0
1123.9 0.0
1124.0 0.0
1124.1 0.0
1124.2 0.0
1124.3 0.0
1124.4 0.0
1124.5 0.0
1124.6 0.0
1124.7 0.0
1124.8 0.0
1124.9 0.0
1125.0 0.0
1125.1 0.0
1125.2 0.0
1125.3 0.0
1125.4 0.0
1125.5 0.0
1125.6 0.0
1125.7 0.0
1125.8 0.0
1125.9 0.0
1126.0 0.0
1126.1 0.0
1126.2 0.0
1126.3 0.0
1126.4 0.0
1126.5 0.0
1126.6 0.0
1126.7 0.0
1126.8 0.0
1126.9 0.0
1127.0 0.0
1127.1 0.0
1127.2 0.0
1127.3 0.0
1127.4 0.0
1127.5 0.0
1127.6 0.0
1127.7 0.0
1127.8 0.0
1127.9 0.0
1128.0 0.0
1128.1 0.0
1128.2 0.0
1128.3 0.0
1128.4 0.0
1128.5 0.0
1128.6 0.0
1128.7 0.0
1128.8 0.0
1128.9 0.0
1129.0 0.0
1129.1 0.0
1129.2 0.0
1129.3 0.0
1129.4 0.0
1129.5 0.0
1129.6 0.0
1129.7 0.0
1129.8 0.0
1129.9 0.0
1130.0 0.0
1130.1 0.0
1130.2 0.0
1130.3 0.0
1130.4 0.0
1130.5 0.0
1130.6 0.0
1130.7 0.0
1130.8 0.0
1130.9 0.0
1131.0 0.0
1131.1 0.0
1131.2 0.0
1131.3 0.0
1131.4 0.0
1131.5 0.0
1131.6 0.0
1131.7 0.0
1131.8 0.0
1131.9 0.0
1132.0 0.0
1132.1 0.0
1132.2 0.0
1132.3 0.0
1132.4 0.0
1132.5 0.0
1132.6 0.0
1132.7 0.0
1132.8 0.0
1132.9 0.0
1133.0 0.0
1133.1 0.0
1133.2 0.0
1133.3 0.0
1133.4 0.0
1133.5 0.0
1133.6 0.0
1133.7 0.0
1133.8 0.0
1133.9 0.0
1134.0 0.0
1134.1 0.0
1134.2 0.0
1134.3 0.0
1134.4 0.0
1134.5 0.0
1134.6 0.0
1134.7 0.0
1134.8 0.0
1134.9 0.0
1135.0 0.0
1135.1 0.0
1135.2 0.0
1135.3 0.0
1135.4 0.0
1135.5 0.0
1135.6 0.0
1135.7 0.0
1135.8 0.0
1135.9 0.0
1136.0 0.0
1136.1 0.0
1136.2 0.0
1136.3 0.0
1136.4 0.0
1136.5 0.0
1136.6 0.0
1136.7 0.0
1136.8 0.0
1136.9 0.0
1137.0 0.0
1137.1 0.0
1137.2 0.0
1137.3 0.0
1137.4 0.0
1137.5 0.0
1137.6 0.0
1137.7 0.0
1137.8 0.0
1137.9 0.0
1138.0 0.0
1138.1 0.0
1138.2 0.0
1138.3 0.0
1138.4 0.0
1138.5 0.0
1138.6 0.0
1138.7 0.0
1138.8 0.0
1138.9 0.0
1139.0 0.0
1139.1 0.0
1139.2 0.0
1139.3 0.0
1139.4 0.0
1139.5 0.0
1139.6 0.0
1139.7 0.0
1139.8 0.0
1139.9 0.0
1140.0 0.0
1140.1 0.0
1140.2 0.0
1140.3 0.0
1140.4 0.0
1140.5 0.0
1140.6 0.0
1140.7 0.0
1140.8 0.0
1140.9 0.0
1141.0 0.0
1141.1 0.0
1141.2 0.0
1141.3 0.0
1141.4 0.0
1141.5 0.0
1141.6 0.0
1141.7 0.0
1141.8 0.0
1141.9 0.0
1142.0 0.0
1142.1 0.0
1142.2 0.0
1142.3 0.0
1142.4 0.0
1142.5 0.0
1142.6 0.0
1142.7 0.0
1142.8 0.0
1142.9 0.0
1143.0 0.0
1143.1 0.0
1143.2 0.0
1143.3 0.0
1143.4 0.0
1143.5 0.0
1143.6 0.0
1143.7 0.0
1143.8 0.0
1143.9 0.0
1144.0 0.0
1144.1 0.0
1144.2 0.0
1144.3 0.0
1144.4 0.0
1144.5 0.0
1144.6 0.0
1144.7 0.0
1144.8 0.0
1144.9 0.0
1145.0 0.0
1145.1 0.0
1145.2 0.0
1145.3 0.0
1145.4 0.0
1145.5 0.0
1145.6 0.0
1145.7 0.0
1145.8 0.0
1145.9 0.0
1146.0 0.0
1146.1 0.0
1146.2 0.0
1146.3 0.0
1146.4 0.0
1146.5 0.0
1146.6 0.0
1146.7 0.0
1146.8 0.0
1146.9 0.0
1147.0 0.0
1147.1 0.0
1147.2 0.0
1147.3 0.0
1147.4 0.0
1147.5 0.0
1147.6 0.0
1147.7 0.0
1147.8 0.0
1147.9 0.0
1148.0 0.0
1148.1 0.0
1148.2 0.0
1148.3 0.0
1148.4 0.0
1148.5 0.0
1148.6 0.0
1148.7 0.0
1148.8 0.0
1148.9 0.0
1149.0 0.0
1149.1 0.0
1149.2 0.0
1149.3 0.0
1149.4 0.0
1149.5 0.0
1149.6 0.0
1149.7 0.0
1149.8 0.0
1149.9 0.0
1150.0 0.0
