data/throughputs/total_comcam_g.ecsv
# %ECSV 1.0
# ---
# datatype:
# - {name: wavelength, unit: nm, datatype: float32}
# - {name: throughput, unit: '', datatype: float64}
# schema: astropy-2.0
wavelength throughput
[from data line 4282]
728.2 6.090935028336196e-05
728.3 6.112760036004752e-05
728.4 6.134588930048848e-05
728.5 6.156421710586114e-05
728.6 6.15431355916839e-05
728.7 6.152199555959084e-05
728.8 6.150082494149436e-05
728.9 6.147964956679266e-05
729.0 6.145849316605711e-05
729.1 6.150202114011331e-05
729.2 6.154561860941288e-05
729.3 6.158930328907004e-05
729.4 6.163309087469416e-05
729.5 6.167699503561846e-05
729.6 6.177425813065793e-05
729.7 6.18716663502253e-05
729.8 6.196922760351763e-05
729.9 6.206694776200527e-05
730.0 6.216483064339814e-05
730.1 6.212893118381251e-05
730.2 6.209317534099355e-05
730.3 6.205755973018274e-05
730.4 6.202207889216529e-05
730.5 6.198672529908254e-05
730.6 6.199143832137389e-05
730.7 6.199626192866995e-05
730.8 6.20011834642844e-05
730.9 6.200618812352444e-05
731.0 6.20112589532008e-05
731.1 6.20579853229183e-05
731.2 6.210474655799855e-05
731.3 6.215151925904773e-05
731.4 6.219827780561798e-05
731.5 6.224499434864533e-05
731.6 6.234496442043738e-05
731.7 6.244496220810104e-05
731.8 6.254498625319928e-05
731.9 6.264503515161839e-05
732.0 6.27451075537761e-05
732.1 6.289842220753602e-05
732.2 6.305176865289427e-05
732.3 6.320514570638287e-05
732.4 6.3358552237709e-05
732.5 6.351198716982591e-05
732.6 6.358538131652464e-05
732.7 6.3658783366892e-05
732.8 6.373219329953608e-05
732.9 6.380561109314233e-05
733.0 6.387903672627086e-05
733.1 6.388577981371779e-05
733.2 6.389251677075233e-05
733.3 6.389924759542548e-05
733.4 6.390597228621941e-05
733.5 6.391269084153165e-05
733.6 6.395956527287708e-05
733.7 6.400650181619229e-05
733.8 6.405347264084174e-05
733.9 6.41004520519438e-05
734.0 6.414741649854191e-05
734.1 6.416604824455425e-05
734.2 6.418461781302552e-05
734.3 6.420310823960879e-05
734.4 6.422150476169665e-05
734.5 6.42397948219481e-05
734.6 6.42312273439964e-05
734.7 6.422252369962399e-05
734.8 6.421367598051376e-05
734.9 6.42046783732057e-05
735.0 6.419552715727934e-05
735.1 6.421388383939614e-05
735.2 6.423208951047482e-05
735.3 6.425014652578844e-05
735.4 6.426805933539207e-05
735.5 6.428583448679068e-05
735.6 6.427672096088747e-05
735.7 6.426748938721412e-05
735.8 6.425815383196922e-05
735.9 6.424873050974307e-05
736.0 6.423923778143998e-05
736.1 6.422897848463144e-05
736.2 6.421869316068991e-05
736.3 6.420840659963687e-05
736.4 6.419814572999292e-05
736.5 6.418793961726144e-05
736.6 6.420459368769308e-05
736.7 6.422124897699058e-05
736.8 6.423790548510376e-05
736.9 6.425456321191311e-05
737.0 6.427122215746786e-05
737.1 6.431799713353906e-05
737.2 6.436478067209657e-05
737.3 6.441157277379416e-05
737.4 6.445837343921605e-05
737.5 6.45051826689333e-05
737.6 6.453860237302125e-05
737.7 6.457202789135693e-05
737.8 6.460545922427843e-05
737.9 6.463889637219334e-05
738.0 6.467233933547768e-05
738.1 6.467418021718984e-05
738.2 6.467602082916848e-05
738.3 6.467786117148364e-05
738.4 6.467970124413585e-05
738.5 6.468154104713899e-05
738.6 6.469678646258816e-05
738.7 6.471203237093764e-05
738.8 6.472727877193329e-05
738.9 6.474252566545974e-05
739.0 6.475777305146207e-05
739.1 6.476382513494514e-05
739.2 6.476987743467848e-05
739.3 6.477592995064483e-05
739.4 6.478198268282695e-05
739.5 6.478803563135994e-05
739.6 6.480750372145325e-05
739.7 6.482697453438667e-05
739.8 6.484644807032891e-05
739.9 6.486592432944866e-05
740.0 6.488540331198116e-05
740.1 6.490191793881702e-05
740.2 6.491843368170055e-05
740.3 6.493495054050128e-05
740.4 6.495146851515817e-05
740.5 6.496798760554085e-05
740.6 6.498450781165785e-05
740.7 6.500102913330914e-05
740.8 6.501755157057297e-05
740.9 6.503407512324915e-05
741.0 6.505059979133423e-05
741.1 6.505501991853245e-05
741.2 6.505944002642695e-05
741.3 6.506386011513897e-05
741.4 6.506828018458093e-05
741.5 6.507270023481795e-05
741.6 6.509055207602905e-05
741.7 6.51084057225725e-05
741.8 6.512626117453935e-05
741.9 6.514411843195098e-05
742.0 6.516197749460553e-05
742.1 6.516547573564787e-05
742.2 6.516897385296276e-05
742.3 6.517247184667604e-05
742.4 6.517596971677441e-05
742.5 6.517946746324439e-05
742.6 6.518296508614231e-05
742.7 6.518646258552443e-05
742.8 6.518995996137735e-05
742.9 6.519345721368777e-05
743.0 6.519695434259405e-05
743.1 6.521276875035482e-05
743.2 6.522858390717782e-05
743.3 6.524439981282865e-05
743.4 6.52602164672818e-05
743.5 6.527603387035893e-05
743.6 6.527840641825191e-05
743.7 6.528077873731903e-05
743.8 6.528315082755562e-05
743.9 6.528552268902682e-05
744.0 6.52878943218008e-05
744.1 6.529338323413105e-05
744.2 6.529887227275543e-05
744.3 6.530436143779485e-05
744.4 6.53098507290914e-05
744.5 6.531534014676593e-05
744.6 6.532082969086953e-05
744.7 6.532631936131406e-05
744.8 6.53318091581507e-05
744.9 6.533729908136096e-05
745.0 6.534278913106424e-05
745.1 6.534681815914354e-05
745.2 6.53508471210468e-05
745.3 6.535487601675782e-05
745.4 6.535890484633002e-05
745.5 6.536293360981694e-05
745.6 6.536696230713255e-05
745.7 6.537099093840015e-05
745.8 6.537501950360345e-05
745.9 6.537904800265648e-05
746.0 6.538307643568101e-05
746.1 6.538557773326575e-05
746.2 6.538807881333314e-05
746.3 6.53905796759472e-05
746.4 6.539308032110226e-05
746.5 6.539558074893212e-05
746.6 6.539808095929152e-05
746.7 6.540058095238402e-05
746.8 6.54030807281342e-05
746.9 6.540558028660608e-05
747.0 6.540807962788134e-05
747.1 6.542784012840874e-05
747.2 6.54476034681737e-05
747.3 6.546736964729438e-05
747.4 6.548713866595862e-05
747.5 6.550691052427079e-05
747.6 6.551320513904945e-05
747.7 6.551950000342893e-05
747.8 6.552579511739294e-05
747.9 6.55320904809251e-05
748.0 6.553838609400602e-05
748.1 6.55416861001761e-05
748.2 6.55449859629718e-05
748.3 6.554828568252103e-05
748.4 6.555158525874205e-05
748.5 6.555488469162302e-05
748.6 6.555818398129183e-05
748.7 6.556148312773666e-05
748.8 6.556478213101556e-05
748.9 6.556808099104684e-05
749.0 6.557137970788933e-05
749.1 6.557547756990477e-05
749.2 6.557957537568121e-05
749.3 6.55836731252725e-05
749.4 6.558777081866261e-05
749.5 6.559186845583555e-05
749.6 6.559596603691507e-05
749.7 6.560006356174541e-05
749.8 6.560416103052026e-05
749.9 6.560825844315372e-05
750.0 6.561235579969957e-05
750.1 6.561607104617315e-05
750.2 6.56197160609165e-05
750.3 6.562336100393751e-05
750.4 6.562700587522237e-05
750.5 6.563065067491093e-05
750.6 6.564780040195776e-05
750.7 6.566495155720307e-05
750.8 6.568210414063848e-05
750.9 6.569925815218575e-05
751.0 6.571641359189231e-05
751.1 6.571986177346903e-05
751.2 6.572330986285484e-05
751.3 6.572675786003674e-05
751.4 6.573020576507186e-05
751.5 6.573365357801724e-05
751.6 6.573710129879005e-05
751.7 6.57405489275173e-05
751.8 6.574399646411613e-05
751.9 6.574744390871364e-05
752.0 6.575089126122693e-05
752.1 6.575427102834043e-05
752.2 6.575765069557594e-05
752.3 6.576103026292073e-05
752.4 6.576440973036205e-05
752.5 6.576778909795725e-05
752.6 6.577116836569356e-05
752.7 6.577454753362827e-05
752.8 6.577792660181876e-05
752.9 6.578130557018228e-05
753.0 6.578468443879217e-05
753.1 6.580359085321475e-05
753.2 6.582249961953028e-05
753.3 6.584141073778673e-05
753.4 6.586032420810205e-05
753.5 6.587924003058028e-05
753.6 6.588453976903641e-05
753.7 6.588978192120605e-05
753.8 6.589499632593898e-05
753.9 6.590021062013185e-05
754.0 6.590545023786895e-05
754.1 6.590812809662816e-05
754.2 6.591087524355071e-05
754.3 6.591371048901155e-05
754.4 6.591665043448127e-05
754.5 6.591970947277228e-05
754.6 6.592289979030288e-05
754.7 6.59262313597935e-05
754.8 6.592971194412382e-05
754.9 6.593334709584795e-05
755.0 6.59371401566671e-05
755.1 6.594216442846942e-05
755.2 6.594734680726091e-05
755.3 6.595268400681883e-05
755.4 6.595817052729104e-05
755.5 6.596379865437181e-05
755.6 6.596955845567776e-05
755.7 6.597543778642043e-05
755.8 6.598142228441591e-05
755.9 6.598749536912262e-05
756.0 6.599363824045775e-05
756.1 6.600003062933193e-05
756.2 6.600644857876344e-05
756.3 6.601286662416355e-05
756.4 6.601925707706982e-05
756.5 6.602559002432877e-05
756.6 6.604539222535054e-05
756.7 6.606519728121655e-05
756.8 6.608500519285903e-05
756.9 6.610481596127607e-05
757.0 6.61246295872359e-05
757.1 6.612967237307939e-05
757.2 6.613471525221125e-05
757.3 6.613975822529948e-05
757.4 6.614480129300444e-05
757.5 6.614984445604821e-05
757.6 6.615488771793293e-05
757.7 6.615993107430567e-05
757.8 6.616497452377105e-05
757.9 6.61700180649482e-05
758.0 6.617506169627469e-05
758.1 6.612493013521904e-05
758.2 6.607479169215532e-05
758.3 6.602464636588631e-05
758.4 6.597449415516513e-05
758.5 6.592433505762146e-05
758.6 6.531749840463173e-05
758.7 6.471063973841661e-05
758.8 6.41037284357902e-05
758.9 6.349673710399915e-05
759.0 6.288964147536023e-05
759.1 6.045116672474146e-05
759.2 5.801210713042079e-05
759.3 5.557245450960547e-05
759.4 5.313220524802303e-05
759.5 5.069135988979595e-05
759.6 4.712182595279931e-05
759.7 4.355148848380408e-05
759.8 3.9980365695059724e-05
759.9 3.6408478705666484e-05
760.0 3.283585094658574e-05
760.1 3.093393942770305e-05
760.2 2.9031759444285843e-05
760.3 2.7129326037244807e-05
760.4 2.5226654713241008e-05
760.5 2.3323761129949032e-05
760.6 2.3528725786157078e-05
760.7 2.3733664245944135e-05
760.8 2.393858061501338e-05
760.9 2.4143479987520232e-05
761.0 2.4348368483851167e-05
761.1 2.6281543434092845e-05
761.2 2.8214946958767776e-05
761.3 3.014858846587872e-05
761.4 3.208248142254918e-05
761.5 3.40166436802884e-05
761.6 3.604635051930444e-05
761.7 3.8076317769040444e-05
761.8 4.010654542922268e-05
761.9 4.21370334995686e-05
762.0 4.4167781974973536e-05
762.1 4.388374320903031e-05
762.2 4.3599680983706464e-05
762.3 4.331559530102504e-05
762.4 4.3031486163080695e-05
762.5 4.274735357027691e-05
762.6 4.165995012355257e-05
762.7 4.0572457633531477e-05
762.8 3.948487610798475e-05
762.9 3.839720555468776e-05
763.0 3.7309445983843014e-05
763.1 3.732515450439701e-05
763.2 3.7340864516144787e-05
763.3 3.7356576019158484e-05
763.4 3.737228901329866e-05
763.5 3.738800349983298e-05
763.6 3.8003050742402124e-05
763.7 3.861816663091907e-05
763.8 3.9233351163815734e-05
763.9 3.984860433923944e-05
764.0 4.046392615574995e-05
764.1 4.1201439290638636e-05
764.2 4.1939016814994336e-05
764.3 4.2676658724249066e-05
764.4 4.341436501369081e-05
764.5 4.415213567903568e-05
764.6 4.5026248707444564e-05
764.7 4.590043803905889e-05
764.8 4.677470366835632e-05
764.9 4.764904558988156e-05
765.0 4.8523463797940655e-05
765.1 4.930324329760239e-05
765.2 5.008311286654748e-05
765.3 5.086307250310217e-05
765.4 5.164312220551895e-05
765.5 5.2423261971879095e-05
765.6 5.303987265667252e-05
765.7 5.365655443427956e-05
765.8 5.42733073033034e-05
765.9 5.489013126248581e-05
766.0 5.550702631027129e-05
766.1 5.604176185123189e-05
766.2 5.657655141222972e-05
766.3 5.711139499104045e-05
766.4 5.764629258543775e-05
766.5 5.8181244193154925e-05
766.6 5.874353431441678e-05
766.7 5.930588121842438e-05
766.8 5.9868284902716826e-05
766.9 6.043074536490132e-05
767.0 6.099326260217313e-05
767.1 6.136585539424223e-05
767.2 6.173849837437346e-05
767.3 6.21111915430053e-05
767.4 6.248393490064523e-05
767.5 6.28567284476274e-05
767.6 6.306576500332147e-05
767.7 6.327482945589456e-05
767.8 6.348392180583411e-05
767.9 6.369304205327353e-05
768.0 6.390219019848415e-05
768.1 6.404139990887151e-05
768.2 6.418062084400525e-05
768.3 6.43198530029872e-05
768.4 6.445909638491885e-05
768.5 6.459835098878759e-05
768.6 6.469655554176723e-05
768.7 6.479471091725392e-05
768.8 6.489284623905008e-05
768.9 6.499098862885411e-05
769.0 6.508916318998353e-05
769.1 6.51759163285134e-05
769.2 6.526275033258189e-05
769.3 6.534968410714794e-05
769.4 6.543673446180118e-05
769.5 6.55239160965484e-05
769.6 6.563857120388055e-05
769.7 6.575338341443996e-05
769.8 6.586836209218141e-05
769.9 6.598351438200851e-05
770.0 6.609884519002535e-05
770.1 6.617253437595607e-05
770.2 6.624639548602017e-05
770.3 6.632042629126805e-05
770.4 6.63946222572572e-05
770.5 6.64689765312247e-05
770.6 6.650245140987077e-05
770.7 6.653605971765645e-05
770.8 6.656978554427212e-05
770.9 6.660361078203987e-05
771.0 6.663751512040719e-05
771.1 6.665711437873377e-05
771.2 6.667674236642746e-05
771.3 6.669637213120936e-05
771.4 6.671597452079551e-05
771.5 6.673551818007412e-05
771.6 6.674127352384236e-05
771.7 6.674702052024024e-05
771.8 6.675276008314732e-05
771.9 6.675849305872025e-05
772.0 6.676422022572378e-05
772.1 6.677150244146181e-05
772.2 6.677878049168562e-05
772.3 6.678605495205584e-05
772.4 6.679332633064028e-05
772.5 6.680059506795109e-05
772.6 6.68078642907001e-05
772.7 6.681513712690871e-05
772.8 6.682241401913124e-05
772.9 6.682969547801474e-05
773.0 6.683698208213391e-05
773.1 6.685669607068105e-05
773.2 6.687641878976327e-05
773.3 6.689615102628542e-05
773.4 6.691589363611853e-05
773.5 6.693564754389864e-05
773.6 6.694178729990526e-05
773.7 6.694798889232186e-05
773.8 6.695422091171657e-05
773.9 6.69604541150427e-05
774.0 6.696666142710987e-05
774.1 6.697349840685937e-05
774.2 6.698026197525515e-05
774.3 6.698693156234752e-05
774.4 6.699348876864807e-05
774.5 6.699991736663414e-05
774.6 6.700620330160849e-05
774.7 6.701234232902952e-05
774.8 6.701832699136125e-05
774.9 6.702415214416166e-05
775.0 6.702944622903568e-05
775.1 6.703163290063965e-05
775.2 6.703365833562968e-05
775.3 6.703552667462905e-05
775.4 6.703724437457078e-05
775.5 6.703882020895176e-05
775.6 6.70402652678276e-05
775.7 6.704158914030979e-05
775.8 6.704280642688889e-05
775.9 6.704393397679483e-05
776.0 6.704499088810784e-05
776.1 6.70463400010981e-05
776.2 6.704766342840229e-05
776.3 6.704898701470472e-05
776.4 6.705033885437954e-05
776.5 6.705174929183633e-05
776.6 6.705325092174596e-05
776.7 6.705475249370936e-05
776.8 6.705625400772225e-05
776.9 6.705775546378035e-05
777.0 6.705925686194864e-05
777.1 6.705905627451732e-05
777.2 6.705885559865304e-05
777.3 6.705865483457091e-05
777.4 6.705845398220168e-05
777.5 6.705825304161833e-05
777.6 6.705805201282267e-05
777.7 6.705785089588766e-05
777.8 6.705764969081515e-05
777.9 6.7057448397607e-05
778.0 6.705724701626754e-05
778.1 6.705936027960787e-05
778.2 6.70614735101886e-05
778.3 6.706358670793269e-05
778.4 6.706569987290516e-05
778.5 6.706781300524226e-05
778.6 6.70699261047957e-05
778.7 6.707203917170178e-05
778.8 6.707415220595443e-05
778.9 6.707626520754765e-05
779.0 6.707837817656116e-05
779.1 6.709389508720815e-05
779.2 6.710941267416757e-05
779.3 6.712493093730691e-05
779.4 6.714044987670682e-05
779.5 6.71559694922908e-05
779.6 6.71577420374707e-05
779.7 6.715951453320941e-05
779.8 6.716128697950185e-05
779.9 6.716305937634272e-05
780.0 6.71648317237253e-05
780.1 6.716517501765262e-05
780.2 6.716551822812367e-05
780.3 6.71658613553516e-05
780.4 6.716620439919397e-05
780.5 6.716654735979272e-05
780.6 6.716689023714767e-05
780.7 6.71672330312587e-05
780.8 6.716757574219656e-05
780.9 6.716791836996107e-05
781.0 6.71682609145537e-05
781.1 6.71701013343686e-05
781.2 6.71719417083859e-05
781.3 6.717378203667126e-05
781.4 6.717562231921942e-05
781.5 6.717746255602511e-05
781.6 6.717930274715395e-05
781.7 6.718114289260075e-05
781.8 6.71829829924313e-05
781.9 6.718482304656912e-05
782.0 6.718666305514951e-05
782.1 6.718700477345554e-05
782.2 6.718734640885144e-05
782.3 6.718768796147927e-05
782.4 6.718802943133876e-05
782.5 6.718837081850087e-05
782.6 6.718871212282312e-05
782.7 6.71890533445187e-05
782.8 6.718939448351622e-05
782.9 6.71897355398866e-05
783.0 6.719007651370187e-05
783.1 6.719137124632169e-05
783.2 6.719266591578557e-05
783.3 6.719396052201896e-05
783.4 6.719525506508941e-05
783.5 6.71965495449222e-05
783.6 6.719784396172722e-05
783.7 6.719913831535866e-05
783.8 6.720043260588412e-05
783.9 6.720172683337122e-05
784.0 6.720302099781622e-05
784.1 6.720417934659064e-05
784.2 6.720533762973243e-05
784.3 6.720649584709623e-05
784.4 6.720765399882139e-05
784.5 6.720881208483369e-05
784.6 6.720997010534354e-05
784.7 6.72111280601345e-05
784.8 6.721228594941696e-05
784.9 6.721344377311685e-05
785.0 6.721460153130176e-05
785.1 6.721535005172513e-05
785.2 6.721609849661421e-05
785.3 6.721684686618083e-05
