data/throughputs/total_comcam_u.ecsv
# %ECSV 1.0
# ---
# datatype:
# - {name: wavelength, unit: nm, datatype: float32}
# - {name: throughput, unit: '', datatype: float64}
# schema: astropy-2.0
wavelength throughput
[from data line 5989]
898.9 5.273394010969682e-05
899.0 5.209523408088599e-05
899.1 5.237658771920787e-05
899.2 5.2657435091018404e-05
899.3 5.293764914413395e-05
899.4 5.3217114642020576e-05
899.5 5.349572854716796e-05
899.6 5.38979357408508e-05
899.7 5.429907673875175e-05
899.8 5.4699078951416815e-05
899.9 5.5097883142744486e-05
900.0 5.549535829644126e-05
900.1 5.533459200208645e-05
900.2 5.517288565207598e-05
900.3 5.501027017767295e-05
900.4 5.4846791028700465e-05
900.5 5.4682507951512275e-05
900.6 5.470359913655385e-05
900.7 5.472384527761375e-05
900.8 5.474334207833999e-05
900.9 5.4762200032533074e-05
901.0 5.478054444335789e-05
901.1 5.488856778353826e-05
901.2 5.4996285720528034e-05
901.3 5.510386811420013e-05
901.4 5.521150092766818e-05
901.5 5.531938637105378e-05
901.6 5.5267302125702865e-05
901.7 5.521525118585893e-05
901.8 5.5163232773938444e-05
901.9 5.511124617136085e-05
902.0 5.5059290717518014e-05
902.1 5.4953951532518706e-05
902.2 5.484870687522455e-05
902.3 5.47435562257047e-05
902.4 5.4638499122884524e-05
902.5 5.453353516496571e-05
902.6 5.466189238457809e-05
902.7 5.479007041238993e-05
902.8 5.491806892082973e-05
902.9 5.504588752325103e-05
903.0 5.517352577353369e-05
903.1 5.557206421172528e-05
903.2 5.597013768468628e-05
903.3 5.636774552600506e-05
903.4 5.676488699328552e-05
903.5 5.716156126553797e-05
903.6 5.741112267843437e-05
903.7 5.76602785759901e-05
903.8 5.790908106534003e-05
903.9 5.815757934043852e-05
904.0 5.8405819595497495e-05
904.1 5.832497298024697e-05
904.2 5.824431050524132e-05
904.3 5.816386607550948e-05
904.4 5.8083669575341555e-05
904.5 5.8003746895073594e-05
904.6 5.7911979084189e-05
904.7 5.7820531310334445e-05
904.8 5.7729415562374e-05
904.9 5.76386398267249e-05
905.0 5.754820811862061e-05
905.1 5.751889973197037e-05
905.2 5.748986976754425e-05
905.3 5.746111137037417e-05
905.4 5.743261378958463e-05
905.5 5.7404362387298434e-05
905.6 5.731594250249646e-05
905.7 5.7227789722275095e-05
905.8 5.7139878179142425e-05
905.9 5.705217833271753e-05
906.0 5.696465699776878e-05
906.1 5.664786250401748e-05
906.2 5.63313922879234e-05
906.3 5.6015202394719675e-05
906.4 5.5699246107405475e-05
906.5 5.538347405049076e-05
906.6 5.504379245158375e-05
906.7 5.470441841992347e-05
906.8 5.436535193738868e-05
906.9 5.402659298584305e-05
907.0 5.368814154766265e-05
907.1 5.3554394867294904e-05
907.2 5.342075263491581e-05
907.3 5.328721484811948e-05
907.4 5.315378150474863e-05
907.5 5.302045260255939e-05
907.6 5.295900451966303e-05
907.7 5.289759163639727e-05
907.8 5.283621395116229e-05
907.9 5.277487146216919e-05
908.0 5.271356416816969e-05
908.1 5.273486908452962e-05
908.2 5.27561276335011e-05
908.3 5.2777339818773374e-05
908.4 5.2798505643907894e-05
908.5 5.281962511242855e-05
908.6 5.281681880033632e-05
908.7 5.281394383078713e-05
908.8 5.281102413331147e-05
908.9 5.280808186155715e-05
909.0 5.280513739361077e-05
909.1 5.285018515599791e-05
909.2 5.2895219063422385e-05
909.3 5.294025436362306e-05
909.4 5.298530457805742e-05
909.5 5.3030381494234314e-05
909.6 5.3051806028490904e-05
909.7 5.307329870689436e-05
909.8 5.30948659088216e-05
909.9 5.3116512241326204e-05
910.0 5.313824053536447e-05
910.1 5.3030343644758935e-05
910.2 5.2922651899380275e-05
910.3 5.281516186990659e-05
910.4 5.270786838176033e-05
910.5 5.2600764533421114e-05
910.6 5.272961014492227e-05
910.7 5.285840845419627e-05
910.8 5.298714859592957e-05
910.9 5.311581780905205e-05
911.0 5.3244401414948435e-05
911.1 5.3290123029448553e-05
911.2 5.3335798581126625e-05
911.3 5.338140751908667e-05
911.4 5.34269274293348e-05
911.5 5.3472334026626094e-05
911.6 5.331812752110445e-05
911.7 5.316404195256313e-05
911.8 5.301007732440085e-05
911.9 5.2856233640197084e-05
912.0 5.2702510904042825e-05
912.1 5.283055212047495e-05
912.2 5.2958452746168725e-05
912.3 5.3086212771706415e-05
912.4 5.321383218754938e-05
912.5 5.334131098281973e-05
912.6 5.302482899598969e-05
912.7 5.270861419296266e-05
912.8 5.2392666592285536e-05
912.9 5.207698621232548e-05
913.0 5.176157307145963e-05
913.1 5.1411572630100936e-05
913.2 5.1061870261695726e-05
913.3 5.071246598867556e-05
913.4 5.0363359833532666e-05
913.5 5.0014551820319764e-05
913.6 5.027065965717875e-05
913.7 5.0526554724519795e-05
913.8 5.078221466863107e-05
913.9 5.1037618384296114e-05
914.0 5.129274605926473e-05
914.1 5.16744920134636e-05
914.2 5.205579880824031e-05
914.3 5.243665026825645e-05
914.4 5.2817031559037474e-05
914.5 5.319692925042266e-05
914.6 5.3055608915623076e-05
914.7 5.2914284912066686e-05
914.8 5.27729526855877e-05
914.9 5.263160945255634e-05
915.0 5.249025417524354e-05
915.1 5.1898856390980344e-05
915.2 5.130789323424127e-05
915.3 5.071737187514859e-05
915.4 5.0127300968497035e-05
915.5 4.9537690560515045e-05
915.6 4.967397569902875e-05
915.7 4.981001505562641e-05
915.8 4.9945817647072e-05
915.9 5.008139432935654e-05
916.0 5.0216757822154166e-05
916.1 5.076637267040629e-05
916.2 5.131540395368522e-05
916.3 5.186387009956283e-05
916.4 5.24117921546026e-05
916.5 5.295919387605951e-05
916.6 5.2967601403558135e-05
916.7 5.2975969765168586e-05
916.8 5.298429895793632e-05
916.9 5.299258897911482e-05
917.0 5.300083982476238e-05
917.1 5.259584142057613e-05
917.2 5.219123594256656e-05
917.3 5.1787023476328904e-05
917.4 5.138320410722779e-05
917.5 5.0979777921064514e-05
917.6 5.080472221358469e-05
917.7 5.0629822260060244e-05
917.8 5.045507891604811e-05
917.9 5.0280493076422126e-05
918.0 5.010606567591728e-05
918.1 5.038843462426413e-05
918.2 5.067050429956689e-05
918.3 5.095227585467068e-05
918.4 5.1233750518973144e-05
918.5 5.1514929600102206e-05
918.6 5.180722856015227e-05
918.7 5.209926554753636e-05
918.8 5.2391016585898454e-05
918.9 5.268245891277505e-05
919.0 5.297357102917568e-05
919.1 5.303688218666704e-05
919.2 5.310004417620884e-05
919.3 5.3163040544005875e-05
919.4 5.322585654656126e-05
919.5 5.328847916109738e-05
919.6 5.32606226518096e-05
919.7 5.3232648367577246e-05
919.8 5.320455077982649e-05
919.9 5.317632615757076e-05
920.0 5.314786356260455e-05
920.1 5.32692454323489e-05
920.2 5.339028037585259e-05
920.3 5.351097072144067e-05
920.4 5.363132063150197e-05
920.5 5.375133612212543e-05
920.6 5.3702818303874174e-05
920.7 5.3654217997334375e-05
920.8 5.360554770705682e-05
920.9 5.35568216928377e-05
921.0 5.350805596157962e-05
921.1 5.333014489023086e-05
921.2 5.3152444999366276e-05
921.3 5.297497739497161e-05
921.4 5.2797764677168966e-05
921.5 5.262083091144131e-05
921.6 5.256660044222673e-05
921.7 5.2512396459542565e-05
921.8 5.245822005113869e-05
921.9 5.2404072140554023e-05
922.0 5.234995348777912e-05
922.1 5.243181915183588e-05
922.2 5.251350561562844e-05
922.3 5.259501321614992e-05
922.4 5.2676342131401696e-05
922.5 5.275749237837074e-05
922.6 5.270598778184988e-05
922.7 5.265451463654999e-05
922.8 5.260307111463113e-05
922.9 5.255165544860134e-05
923.0 5.2500265931119447e-05
923.1 5.2415376686996305e-05
923.2 5.233056283726867e-05
923.3 5.2245822842895795e-05
923.4 5.216115522757007e-05
923.5 5.2076558577411024e-05
923.6 5.1970405318657034e-05
923.7 5.1864535468761145e-05
923.8 5.175885277538669e-05
923.9 5.1653268753979535e-05
924.0 5.154770261501341e-05
924.1 5.145419000812074e-05
924.2 5.136053500689195e-05
924.3 5.126667928389209e-05
924.4 5.117257187407379e-05
924.5 5.107816911304196e-05
924.6 5.1026913026814413e-05
924.7 5.097522946643051e-05
924.8 5.0923098197639636e-05
924.9 5.087050597001049e-05
925.0 5.081744648437289e-05
925.1 5.083953689671226e-05
925.2 5.0861286127775884e-05
925.3 5.088246258840824e-05
925.4 5.090308549485296e-05
925.5 5.092318101441446e-05
925.6 5.092122586716549e-05
925.7 5.0918847684246245e-05
925.8 5.0916090666996194e-05
925.9 5.09130058233399e-05
926.0 5.0909650965519204e-05
926.1 5.088581244020427e-05
926.2 5.08618780675575e-05
926.3 5.0837926030108444e-05
926.4 5.081404117234596e-05
926.5 5.0790314987242174e-05
926.6 5.079889327923317e-05
926.7 5.0807391967768e-05
926.8 5.081581093853921e-05
926.9 5.0824149973345605e-05
927.0 5.083240874908505e-05
927.1 5.0522015268050145e-05
927.2 5.021209959891445e-05
927.3 4.990266088927081e-05
927.4 4.959369820174807e-05
927.5 4.928521051669653e-05
927.6 4.8871302117392085e-05
927.7 4.8458059339574666e-05
927.8 4.8045481679936854e-05
927.9 4.7633568689678684e-05
928.0 4.722231997337897e-05
928.1 4.7116247601369625e-05
928.2 4.7010305753098735e-05
928.3 4.6904494431789066e-05
928.4 4.679881368795361e-05
928.5 4.6693263618691e-05
928.6 4.6535685139094216e-05
928.7 4.63785310813043e-05
928.8 4.622169435150671e-05
928.9 4.6065076973815085e-05
929.0 4.590858995623035e-05
929.1 4.565969083936915e-05
929.2 4.541092448728891e-05
929.3 4.5162229898599844e-05
929.4 4.491355499640483e-05
929.5 4.46648564201075e-05
929.6 4.4228863347051745e-05
929.7 4.379313221673067e-05
929.8 4.335765209185801e-05
929.9 4.292242017299137e-05
930.0 4.2487441434443444e-05
930.1 4.209401138181458e-05
930.2 4.1700787156902e-05
930.3 4.130779348391001e-05
930.4 4.0915061492159506e-05
930.5 4.052262839127263e-05
930.6 4.014083925691528e-05
930.7 3.975941764528898e-05
930.8 3.937841567247274e-05
930.9 3.899789034664501e-05
931.0 3.861790325766901e-05
931.1 3.8195913618135866e-05
931.2 3.777472139812569e-05
931.3 3.7354399907658165e-05
931.4 3.693502546424568e-05
931.5 3.6516677059563864e-05
931.6 3.5763197841071735e-05
931.7 3.5011312995153586e-05
931.8 3.426102188253108e-05
931.9 3.351232374347339e-05
932.0 3.276521770696835e-05
932.1 3.246682729117986e-05
932.2 3.216901722492799e-05
932.3 3.187178728909362e-05
932.4 3.1575137191631667e-05
932.5 3.12790665714276e-05
932.6 3.130611188698204e-05
932.7 3.133304857099738e-05
932.8 3.135987673002547e-05
932.9 3.138659647042696e-05
933.0 3.1413207897644384e-05
933.1 3.1188822586939665e-05
933.2 3.096487000625602e-05
933.3 3.074134975184859e-05
933.4 3.0518261420329586e-05
933.5 3.0295604606993493e-05
933.6 2.9554749198858458e-05
933.7 2.8815374031503555e-05
933.8 2.807752210099081e-05
933.9 2.734122953250238e-05
934.0 2.660652597955003e-05
934.1 2.6318795445719917e-05
934.2 2.603174508536539e-05
934.3 2.5745393593431263e-05
934.4 2.545975607111977e-05
934.5 2.5174844180073843e-05
934.6 2.595571856198285e-05
934.7 2.673499735869988e-05
934.8 2.7512707414560504e-05
934.9 2.828887377675217e-05
935.0 2.9063519293110265e-05
935.1 2.9279904026533177e-05
935.2 2.9496029456536596e-05
935.3 2.9711896447750288e-05
935.4 2.992750267644047e-05
935.5 3.0142842518802575e-05
935.6 2.9869838952138935e-05
935.7 2.9597479763176464e-05
935.8 2.9325740181099095e-05
935.9 2.905459322434732e-05
936.0 2.8784009834657998e-05
936.1 2.8861544224170527e-05
936.2 2.893890670530575e-05
936.3 2.9016063083185666e-05
936.4 2.909297581714026e-05
936.5 2.9169603981592487e-05
936.6 2.898495046978094e-05
936.7 2.880062625670407e-05
936.8 2.8616631469006657e-05
936.9 2.8432966225629906e-05
937.0 2.8249630639438863e-05
937.1 2.85193446262547e-05
937.2 2.8788470053911386e-05
937.3 2.905700755255882e-05
937.4 2.9324957763457033e-05
937.5 2.9592321338511864e-05
937.6 2.967732294752099e-05
937.7 2.976210563122972e-05
937.8 2.984666983964817e-05
937.9 2.9931016026435935e-05
938.0 3.0015144648664974e-05
938.1 3.0118611461689162e-05
938.2 3.022182668613479e-05
938.3 3.0324790804188727e-05
938.4 3.042750430228189e-05
938.5 3.0529967673143375e-05
938.6 3.1323203671248234e-05
938.7 3.21145076406663e-05
938.8 3.290400903537245e-05
938.9 3.369184037128735e-05
939.0 3.4478135823441176e-05
939.1 3.529861904802387e-05
939.2 3.611766065080245e-05
939.3 3.693539326172795e-05
939.4 3.775194600662433e-05
939.5 3.8567443088493324e-05
939.6 3.8407061135501867e-05
939.7 3.8247760376044235e-05
939.8 3.8089575432357655e-05
939.9 3.793252748824414e-05
940.0 3.777662455709573e-05
940.1 3.728817614068887e-05
940.2 3.680137148112878e-05
940.3 3.6316157127951407e-05
940.4 3.583246868642899e-05
940.5 3.535023162190086e-05
940.6 3.5296977379636286e-05
940.7 3.524439859276411e-05
940.8 3.5192415854745304e-05
940.9 3.5140938372298646e-05
941.0 3.508986404566502e-05
941.1 3.532528600273038e-05
941.2 3.556048550729981e-05
941.3 3.579532688910024e-05
941.4 3.6029658697715665e-05
941.5 3.626331332494167e-05
941.6 3.618220286454129e-05
941.7 3.61011702043173e-05
941.8 3.602021496901949e-05
941.9 3.593933678702854e-05
942.0 3.5858535288388675e-05
942.1 3.5151835627157635e-05
942.2 3.4446119050495036e-05
942.3 3.374138532903922e-05
942.4 3.303763426268846e-05
942.5 3.233486568115466e-05
942.6 3.1807240116513955e-05
942.7 3.128034365436266e-05
942.8 3.075417614795971e-05
942.9 3.022873747186077e-05
943.0 2.970402752466648e-05
943.1 3.0076087162726206e-05
943.2 3.0447593316192643e-05
943.3 3.08185454230349e-05
943.4 3.118894290607484e-05
943.5 3.155878517086287e-05
943.6 3.120883973332046e-05
943.7 3.085921604072374e-05
943.8 3.0509988389464944e-05
943.9 3.0161222838483202e-05
944.0 2.9812977511286252e-05
944.1 2.950101192607846e-05
944.2 2.9189620946647275e-05
944.3 2.8878841375148196e-05
944.4 2.8568703460023653e-05
944.5 2.8259231166393084e-05
944.6 2.8980621193966648e-05
944.7 2.9701294309531416e-05
944.8 3.042129194454349e-05
944.9 3.114065193762233e-05
945.0 3.185940791812021e-05
945.1 3.196502958742196e-05
945.2 3.207086826724388e-05
945.3 3.217692007142968e-05
945.4 3.228317551805204e-05
945.5 3.238961943869978e-05
945.6 3.194849384446429e-05
945.7 3.1508147263356156e-05
945.8 3.106853325540039e-05
945.9 3.062960223373697e-05
946.0 3.0191301828381356e-05
946.1 3.0335055123027772e-05
946.2 3.047867260631183e-05
946.3 3.062209515321189e-05
946.4 3.07652573689888e-05
946.5 3.09080874765394e-05
946.6 3.130940890694152e-05
946.7 3.171022150421637e-05
946.8 3.2110524571274516e-05
946.9 3.2510317366579027e-05
947.0 3.290959910116817e-05
947.1 3.2838164287081104e-05
947.2 3.2766772148992895e-05
947.3 3.269542237924832e-05
947.4 3.262411463995242e-05
947.5 3.2552848561690304e-05
947.6 3.197562415077433e-05
947.7 3.139900347320329e-05
947.8 3.082298778615056e-05
947.9 3.024757833879277e-05
948.0 2.9672776372032265e-05
948.1 2.9894019612624908e-05
948.2 3.0114967576701164e-05
948.3 3.0335620718062572e-05
948.4 3.055597954114508e-05
948.5 3.07760446036864e-05
948.6 3.156952843660787e-05
948.7 3.236205484816106e-05
948.8 3.315361019367767e-05
948.9 3.3944180482824085e-05
949.0 3.473375150640955e-05
949.1 3.4281970924574185e-05
949.2 3.383065562839137e-05
949.3 3.337979774116737e-05
949.4 3.292939096101673e-05
949.5 3.2479430486382596e-05
949.6 3.184568172393386e-05
949.7 3.121259960032055e-05
949.8 3.058018524925052e-05
949.9 2.994844107126604e-05
950.0 2.9316437866907532e-05
950.1 2.9742314347019908e-05
950.2 3.0167494667132442e-05
950.3 3.0591976805486736e-05
950.4 3.101575985309881e-05
950.5 3.143884408385815e-05
950.6 3.2209823512272266e-05
950.7 3.2979618224264815e-05
950.8 3.3748229996685884e-05
950.9 3.4515662400456274e-05
951.0 3.5281920924885114e-05
951.1 3.514246242432861e-05
951.2 3.500314821629892e-05
951.3 3.4863991453977946e-05
951.4 3.4725006257930606e-05
951.5 3.458620769079831e-05
951.6 3.371228964829823e-05
951.7 3.283963979691103e-05
951.8 3.1968259559807895e-05
951.9 3.109815032414726e-05
952.0 3.0229313442717353e-05
952.1 2.999208220223842e-05
952.2 2.97551484552749e-05
952.3 2.95185127867472e-05
952.4 2.9282175772013818e-05
952.5 2.904613797870365e-05
952.6 2.9488795628826477e-05
952.7 2.9930767988816374e-05
952.8 3.0372055209871105e-05
952.9 3.0812657453647915e-05
953.0 3.125257488972257e-05
953.1 3.1520271012651194e-05
953.2 3.178752558456683e-05
953.3 3.20543389518078e-05
953.4 3.232071144732142e-05
953.5 3.258664338859955e-05
953.6 3.2639121959661876e-05
953.7 3.2691536111190024e-05
953.8 3.274385557705094e-05
953.9 3.279605208910383e-05
954.0 3.284809939413252e-05
954.1 3.272027489041129e-05
954.2 3.259253306283726e-05
954.3 3.246485543872103e-05
954.4 3.2337226007391505e-05
954.5 3.220963117638004e-05
954.6 3.223430649687896e-05
954.7 3.2258749191068906e-05
954.8 3.2282951393986535e-05
954.9 3.2306907374952835e-05
955.0 3.2330613544849526e-05
955.1 3.2187292931739265e-05
955.2 3.2043990874017594e-05
