data/throughputs/total_comcam_z.ecsv
# %ECSV 1.0
# ---
# datatype:
# - {name: wavelength, unit: nm, datatype: float32}
# - {name: throughput, unit: '', datatype: float64}
# schema: astropy-2.0
wavelength throughput
[from data line 2955]
595.5 5.3646589176185014e-05
595.6 5.366752574654343e-05
595.7 5.368866340163325e-05
595.8 5.370997809221179e-05
595.9 5.373144208057107e-05
596.0 5.3753023933050866e-05
596.1 5.376602828328733e-05
596.2 5.377907354440046e-05
596.3 5.379211715063121e-05
596.4 5.3805112840049605e-05
596.5 5.381801065075342e-05
596.6 5.3818646508869706e-05
596.7 5.381927607781457e-05
596.8 5.381989971134045e-05
596.9 5.3820517817831314e-05
597.0 5.3821130860373304e-05
597.1 5.383158229671985e-05
597.2 5.384203457134008e-05
597.3 5.385248831245436e-05
597.4 5.3862944203226395e-05
597.5 5.387340298188567e-05
597.6 5.389599922913043e-05
597.7 5.391860022595124e-05
597.8 5.394120671034512e-05
597.9 5.3963819366931466e-05
598.0 5.3986438826575807e-05
598.1 5.3993824944053284e-05
598.2 5.4001213272568626e-05
598.3 5.4008604278598834e-05
598.4 5.401599837409237e-05
598.5 5.402339591630721e-05
598.6 5.403094849571482e-05
598.7 5.403860237819993e-05
598.8 5.404630747628952e-05
598.9 5.4054017349473896e-05
599.0 5.406168920693087e-05
599.1 5.408112000438513e-05
599.2 5.4100441279559396e-05
599.3 5.4119621109996485e-05
599.4 5.413863120854746e-05
599.5 5.4157446930334663e-05
599.6 5.416387339302865e-05
599.7 5.4170062927583735e-05
599.8 5.4176002765658746e-05
599.9 5.4181683762289134e-05
600.0 5.418687189565333e-05
600.1 5.420253848243336e-05
600.2 5.421794193664517e-05
600.3 5.423308747556643e-05
600.4 5.4247983955981015e-05
600.5 5.426264387897576e-05
600.6 5.4264902719579874e-05
600.7 5.426696311859856e-05
600.8 5.426884956638361e-05
600.9 5.4270590246647925e-05
601.0 5.427221703650756e-05
601.1 5.427501098390981e-05
601.2 5.427776596036297e-05
601.3 5.428052492600125e-05
601.4 5.428333454067721e-05
601.5 5.42862451653069e-05
601.6 5.428931086466354e-05
601.7 5.429237934204376e-05
601.8 5.42954502399851e-05
601.9 5.429852314574853e-05
602.0 5.4301597591758115e-05
602.1 5.43212856926606e-05
602.2 5.434097834707992e-05
602.3 5.436067492209276e-05
602.4 5.4380374728630244e-05
602.5 5.440007702130315e-05
602.6 5.44075842288039e-05
602.7 5.441509343436825e-05
602.8 5.442260389341465e-05
602.9 5.443011491610493e-05
603.0 5.443762586738452e-05
603.1 5.444552628188044e-05
603.2 5.445342560786983e-05
603.3 5.4461323374914004e-05
603.4 5.4469219167443786e-05
603.5 5.447711262481082e-05
603.6 5.4497143494600686e-05
603.7 5.4517125875824046e-05
603.8 5.453708491095861e-05
603.9 5.455704395404433e-05
604.0 5.457702456732193e-05
604.1 5.45831466613496e-05
604.2 5.458932420009329e-05
604.3 5.4595573295170974e-05
604.4 5.460190823850218e-05
604.5 5.4608341501048166e-05
604.6 5.462711550885364e-05
604.7 5.464601029246179e-05
604.8 5.466503293743678e-05
604.9 5.4684188708831846e-05
605.0 5.470348104819956e-05
605.1 5.470882634229353e-05
605.2 5.4714305949683575e-05
605.3 5.471991771918194e-05
605.4 5.472565766687598e-05
605.5 5.473151997535678e-05
605.6 5.474974251719322e-05
605.7 5.476806988477714e-05
605.8 5.4786489895845645e-05
605.9 5.480498846165615e-05
606.0 5.482354958314112e-05
606.1 5.483408020933845e-05
606.2 5.4844633986694915e-05
606.3 5.485518916589638e-05
606.4 5.486572208832614e-05
606.5 5.487620718409995e-05
606.6 5.4898882136281965e-05
606.7 5.492156327636891e-05
606.8 5.494425060543495e-05
606.9 5.4966944124746626e-05
607.0 5.4989643835624684e-05
607.1 5.499779520479543e-05
607.2 5.50059473883272e-05
607.3 5.501410038631378e-05
607.4 5.5022254198784935e-05
607.5 5.503040882597141e-05
607.6 5.505084966158527e-05
607.7 5.507129495319334e-05
607.8 5.509174470139177e-05
607.9 5.5112198906905124e-05
608.0 5.5132657570256086e-05
608.1 5.513958630053104e-05
608.2 5.514651554933132e-05
608.3 5.515344531684988e-05
608.4 5.516037560302287e-05
608.5 5.516730640805189e-05
608.6 5.5186539680090645e-05
608.7 5.5205776562129126e-05
608.8 5.5225017054663583e-05
608.9 5.524426115799765e-05
609.0 5.526350887255453e-05
609.1 5.527011168675089e-05
609.2 5.52767149461078e-05
609.3 5.528331865049109e-05
609.4 5.528992280008801e-05
609.5 5.5296527394901616e-05
609.6 5.531544939099189e-05
609.7 5.533437477473039e-05
609.8 5.535330354642907e-05
609.9 5.537223570646409e-05
610.0 5.5391171255212626e-05
610.1 5.541126783223461e-05
610.2 5.54313686022482e-05
610.3 5.545147356579036e-05
610.4 5.547158272352659e-05
610.5 5.5491696075920835e-05
610.6 5.549948040579238e-05
610.7 5.5507265471509774e-05
610.8 5.551505127322876e-05
610.9 5.552283781091186e-05
611.0 5.553062508472345e-05
611.1 5.5550615951391896e-05
611.2 5.5570610898393935e-05
611.3 5.559060992641161e-05
611.4 5.561061303593368e-05
611.5 5.5630620227440134e-05
611.6 5.5638281161683845e-05
611.7 5.564594277754194e-05
611.8 5.5653605075223464e-05
611.9 5.566126805480871e-05
612.0 5.5668931716253964e-05
612.1 5.568377915980075e-05
612.2 5.569862746851898e-05
612.3 5.5713476642247617e-05
612.4 5.572832668095474e-05
612.5 5.574317758447066e-05
612.6 5.574566889395731e-05
612.7 5.574815996336784e-05
612.8 5.575065079268216e-05
612.9 5.5753141381944746e-05
613.0 5.575563173127577e-05
613.1 5.577385179319839e-05
613.2 5.57920747373658e-05
613.3 5.581030056396997e-05
613.4 5.58285292733319e-05
613.5 5.584676086551439e-05
613.6 5.586499534090305e-05
613.7 5.5883232699689846e-05
613.8 5.590147294206667e-05
613.9 5.591971606829002e-05
614.0 5.593796207860812e-05
614.1 5.5944571588066895e-05
614.2 5.595118153758461e-05
614.3 5.595779192709123e-05
614.4 5.59644027567107e-05
614.5 5.597101402651117e-05
614.6 5.5990010167007757e-05
614.7 5.60090096735477e-05
614.8 5.602801254637136e-05
614.9 5.6047018785913e-05
615.0 5.606602839246793e-05
615.1 5.6071415549451036e-05
615.2 5.607680288844657e-05
615.3 5.608219040943057e-05
615.4 5.608757811257316e-05
615.5 5.609296599785945e-05
615.6 5.6110751491618056e-05
615.7 5.6128539549130236e-05
615.8 5.614633017051063e-05
615.9 5.616412335593846e-05
616.0 5.61819191056484e-05
616.1 5.618659993729773e-05
616.2 5.619128083653171e-05
616.3 5.619596180345466e-05
616.4 5.6200642838041334e-05
616.5 5.620532394027541e-05
616.6 5.622241349997045e-05
616.7 5.62395051941104e-05
616.8 5.6256599022926576e-05
616.9 5.627369498645592e-05
617.0 5.629079308472711e-05
617.1 5.629634165071877e-05
617.2 5.6301890439723815e-05
617.3 5.63074394518527e-05
617.4 5.631298868702158e-05
617.5 5.631853814541479e-05
617.6 5.633650769192585e-05
617.7 5.635447990931445e-05
617.8 5.6372454797661386e-05
617.9 5.639043235717702e-05
618.0 5.640841258812671e-05
618.1 5.6412817520675445e-05
618.2 5.641722247740435e-05
618.3 5.642162745828807e-05
618.4 5.642603246336613e-05
618.5 5.64304374926132e-05
618.6 5.643484254619856e-05
618.7 5.643924762403204e-05
618.8 5.644365272621807e-05
618.9 5.644805785279628e-05
619.0 5.645246300375135e-05
619.1 5.647057267199774e-05
619.2 5.6488685085206486e-05
619.3 5.6506800243603077e-05
619.4 5.6524918147348165e-05
619.5 5.654303879665816e-05
619.6 5.654872022908155e-05
619.7 5.655440190731104e-05
619.8 5.656008383132887e-05
619.9 5.656576600124713e-05
620.0 5.657148214133157e-05
620.1 5.658825557562748e-05
620.2 5.660503076307976e-05
620.3 5.6621807703572e-05
620.4 5.6638586396987834e-05
620.5 5.665536684333168e-05
620.6 5.66596963619992e-05
620.7 5.6664025730366485e-05
620.8 5.6668354948530346e-05
620.9 5.6672684016457674e-05
621.0 5.6677012934183306e-05
621.1 5.668545228996097e-05
621.2 5.669389239659269e-05
621.3 5.670233325422309e-05
621.4 5.671077486286664e-05
621.5 5.6719217222742056e-05
621.6 5.674012795139039e-05
621.7 5.6761043142946315e-05
621.8 5.67819627979352e-05
621.9 5.680288691694756e-05
622.0 5.682381550043448e-05
622.1 5.683198169743855e-05
622.2 5.68401485733237e-05
622.3 5.684831612809814e-05
622.4 5.68564843618351e-05
622.5 5.686465327474741e-05
622.6 5.688530866754534e-05
622.7 5.690596832692929e-05
622.8 5.692663225343508e-05
622.9 5.694730044753336e-05
623.0 5.696797290974862e-05
623.1 5.697295489141437e-05
623.2 5.697793683840166e-05
623.3 5.6982918750742474e-05
623.4 5.69879006284035e-05
623.5 5.69928824714166e-05
623.6 5.699778444988075e-05
623.7 5.7002635056239455e-05
623.8 5.70074608262095e-05
623.9 5.701228633807665e-05
624.0 5.701713421136986e-05
624.1 5.7036976004658875e-05
624.2 5.7056883285968114e-05
624.3 5.70768728566853e-05
624.4 5.7096959572291136e-05
624.5 5.71171563389309e-05
624.6 5.7124962779605684e-05
624.7 5.7132897260714324e-05
624.8 5.714096595115499e-05
624.9 5.71491731102386e-05
625.0 5.7157338018419903e-05
625.1 5.7164138585242244e-05
625.2 5.7171078597219904e-05
625.3 5.717815465072938e-05
625.4 5.7185361426491887e-05
625.5 5.719269168845532e-05
625.6 5.721266643431389e-05
625.7 5.723274774672632e-05
625.8 5.725292269052216e-05
625.9 5.7273176395694965e-05
626.0 5.729349205384207e-05
626.1 5.7300668248308783e-05
626.2 5.730786335520798e-05
626.3 5.731505473320733e-05
626.4 5.732221781181501e-05
626.5 5.732932609033123e-05
626.6 5.732380488771222e-05
626.7 5.731827796888589e-05
626.8 5.7312745712696626e-05
626.9 5.730720855586325e-05
627.0 5.730166699307012e-05
627.1 5.7196099327100567e-05
627.2 5.7090502339431415e-05
627.3 5.698487669505663e-05
627.4 5.6879223111746216e-05
627.5 5.6773542359326456e-05
627.6 5.6605022205487846e-05
627.7 5.6436455612929444e-05
627.8 5.626784336029805e-05
627.9 5.6099186159838656e-05
628.0 5.5930484659015206e-05
628.1 5.600263300080783e-05
628.2 5.607480516841368e-05
628.3 5.614700165686025e-05
628.4 5.621922290658638e-05
628.5 5.629146930324019e-05
628.6 5.6401642679583445e-05
628.7 5.651195670420062e-05
628.8 5.6622359481307454e-05
628.9 5.6732802563604155e-05
629.0 5.684324098893177e-05
629.1 5.6847616133651375e-05
629.2 5.6851872219493654e-05
629.3 5.685597581023228e-05
629.4 5.68598973257007e-05
629.5 5.686361104336029e-05
629.6 5.68796879073158e-05
629.7 5.689551703663294e-05
629.8 5.6911084895804157e-05
629.9 5.6926381747218624e-05
630.0 5.694140165675137e-05
630.1 5.699562397423374e-05
630.2 5.704957456853989e-05
630.3 5.710325838044779e-05
630.4 5.7156684200327836e-05
630.5 5.720986468590393e-05
630.6 5.725021452667009e-05
630.7 5.729035825125615e-05
630.8 5.7330321315123266e-05
630.9 5.737013314663229e-05
631.0 5.740982715967991e-05
631.1 5.743877234459091e-05
631.2 5.746767965918345e-05
631.3 5.749659455306343e-05
631.4 5.752556647901726e-05
631.5 5.755464890277632e-05
631.6 5.758389931538046e-05
631.7 5.7613156327932985e-05
631.8 5.764241956498209e-05
631.9 5.767168859201322e-05
632.0 5.77009629149046e-05
632.1 5.773083177495677e-05
632.2 5.776070536022679e-05
632.3 5.779058299762062e-05
632.4 5.782046395399784e-05
632.5 5.785034743607328e-05
632.6 5.786761665256276e-05
632.7 5.788488942632032e-05
632.8 5.7902164965896163e-05
632.9 5.79194425375847e-05
633.0 5.793672146544876e-05
633.1 5.795411906439579e-05
633.2 5.797151690882229e-05
633.3 5.798891449689448e-05
633.4 5.800631138483723e-05
633.5 5.802370718735372e-05
633.6 5.804102029931982e-05
633.7 5.805827941544975e-05
633.8 5.8075511320729656e-05
633.9 5.8092740888188763e-05
634.0 5.810999107650491e-05
634.1 5.811304764822916e-05
634.2 5.811616275319873e-05
634.3 5.811935353258268e-05
634.4 5.8122635186165096e-05
634.5 5.8126020972052103e-05
634.6 5.8142159058742977e-05
634.7 5.8158423540927354e-05
634.8 5.8174821933926115e-05
634.9 5.819135981387135e-05
635.0 5.820804081489556e-05
635.1 5.821127472392997e-05
635.2 5.821465117919373e-05
635.3 5.821816787386583e-05
635.4 5.8221820551903765e-05
635.5 5.8225603007098606e-05
635.6 5.824215192660946e-05
635.7 5.8258810787460835e-05
635.8 5.8275566615509104e-05
635.9 5.829240441113486e-05
636.0 5.8309307146122176e-05
636.1 5.831515407286503e-05
636.2 5.832102417829993e-05
636.3 5.832689433025427e-05
636.4 5.8332739374762184e-05
636.5 5.8338532135570955e-05
636.6 5.8356899431016924e-05
636.7 5.8375269420582946e-05
636.8 5.839364210440144e-05
636.9 5.8412017482670716e-05
637.0 5.8430395555512825e-05
637.1 5.843533911937082e-05
637.2 5.844028276251629e-05
637.3 5.844522648499205e-05
637.4 5.8450170286906935e-05
637.5 5.84551141681815e-05
637.6 5.847272553039666e-05
637.7 5.849033911472068e-05
637.8 5.8507954921191885e-05
637.9 5.852557294991461e-05
638.0 5.85431932008523e-05
638.1 5.854927798818249e-05
638.2 5.8555363060694956e-05
638.3 5.856144841837473e-05
638.4 5.856753406133896e-05
638.5 5.857361998951645e-05
638.6 5.8592385793107635e-05
638.7 5.861115451690576e-05
638.8 5.8629926161156824e-05
638.9 5.864870072597452e-05
639.0 5.866747821172834e-05
639.1 5.86750700249085e-05
639.2 5.868266244102019e-05
639.3 5.869025546000578e-05
639.4 5.8697849081939914e-05
639.5 5.870544330696336e-05
639.6 5.871303813508469e-05
639.7 5.872063356631246e-05
639.8 5.8728229600853755e-05
639.9 5.873582623858478e-05
640.0 5.874342347972355e-05
640.1 5.876504309076961e-05
640.2 5.8786667477830544e-05
640.3 5.8808296641618126e-05
640.4 5.882993058284427e-05
640.5 5.885156930221112e-05
640.6 5.88604999494594e-05
640.7 5.886943151808897e-05
640.8 5.887836400820623e-05
640.9 5.888729741985124e-05
641.0 5.88962317532019e-05
641.1 5.891181888406727e-05
641.2 5.8927407033604514e-05
641.3 5.8942996201727846e-05
641.4 5.8958586388351355e-05
641.5 5.897417759331304e-05
641.6 5.8977045534925665e-05
641.7 5.897991325719426e-05
641.8 5.898278076029895e-05
641.9 5.898564804415483e-05
642.0 5.898851510880977e-05
642.1 5.8991682888709764e-05
642.2 5.8994850487965255e-05
642.3 5.899801790662226e-05
642.4 5.900118514466048e-05
642.5 5.900435220220216e-05
642.6 5.902024993558081e-05
642.7 5.903614885490683e-05
642.8 5.9052048960051253e-05
642.9 5.9067950251017754e-05
643.0 5.90838527276014e-05
643.1 5.90873839062016e-05
643.2 5.909091495232414e-05
643.3 5.90944458660135e-05
643.4 5.909797664731426e-05
643.5 5.910150729620458e-05
643.6 5.9105037812795386e-05
643.7 5.910856819706487e-05
643.8 5.9112098448991295e-05
643.9 5.911562856868561e-05
644.0 5.9119158556199346e-05
644.1 5.913156751247358e-05
644.2 5.914397584753729e-05
644.3 5.91563835611826e-05
644.4 5.9168790653068875e-05
644.5 5.918119712304475e-05
644.6 5.918086220406116e-05
644.7 5.918052680711418e-05
644.8 5.9180190932230956e-05
644.9 5.917985457963778e-05
645.0 5.917951774923367e-05
645.1 5.918516213915411e-05
645.2 5.9190806729662864e-05
645.3 5.9196451520808346e-05
645.4 5.920209651257245e-05
645.5 5.920774170505998e-05
645.6 5.9200639329273084e-05
645.7 5.919353472333809e-05
645.8 5.918642788729945e-05
645.9 5.917931882100246e-05
646.0 5.9172207524362314e-05
646.1 5.916956338651661e-05
646.2 5.9166916120062436e-05
646.3 5.916426572440786e-05
646.4 5.916161219882805e-05
646.5 5.915895554265445e-05
646.6 5.914353004621324e-05
646.7 5.912809705666428e-05
646.8 5.911265657254644e-05
646.9 5.9097208592332053e-05
647.0 5.908175311463483e-05
647.1 5.9077077257383986e-05
647.2 5.9072398610048614e-05
647.3 5.9067717172310994e-05
647.4 5.906303294365386e-05
647.5 5.905834592375956e-05
647.6 5.905365611224387e-05
647.7 5.904896350865601e-05
647.8 5.904426811267839e-05
647.9 5.903956992386019e-05
648.0 5.903486894184439e-05
648.1 5.906438805021717e-05
648.2 5.909391049826188e-05
648.3 5.912343628601212e-05
648.4 5.9152965413368055e-05
648.5 5.918249788028645e-05
648.6 5.9199314655445424e-05
648.7 5.9216183290504265e-05
648.8 5.9233077865231935e-05
648.9 5.924997435384198e-05
649.0 5.9266850627141456e-05
649.1 5.92704615965089e-05
649.2 5.9274012020718685e-05
649.3 5.9277485529652916e-05
649.4 5.928086767431187e-05
649.5 5.9284145927412485e-05
649.6 5.9325729674530716e-05
649.7 5.936719733443584e-05
649.8 5.940854027600861e-05
649.9 5.944975189596486e-05
650.0 5.9490827626240694e-05
650.1 5.9524483443735586e-05
650.2 5.9557963398285016e-05
650.3 5.959131065794721e-05
650.4 5.962452891790515e-05
650.5 5.965762394071348e-05
650.6 5.965214892452067e-05
650.7 5.964655752072874e-05
650.8 5.964086273829444e-05
650.9 5.9635079579382405e-05
651.0 5.962922503786831e-05
651.1 5.959353419090679e-05
651.2 5.955781078803386e-05
651.3 5.9522077802272177e-05
651.4 5.9486360145143125e-05
651.5 5.945068466015892e-05
651.6 5.94407342954064e-05
651.7 5.9430779865167526e-05
651.8 5.942082236617888e-05
651.9 5.941086285461951e-05
652.0 5.940090244665103e-05
