data/throughputs/total_comcam_i.ecsv
# %ECSV 1.0
# ---
# datatype:
# - {name: wavelength, unit: nm, datatype: float32}
# - {name: throughput, unit: '', datatype: float64}
# schema: astropy-2.0
wavelength throughput
[from data line 7677]
1067.7 1.6951334073154798e-06
1067.8 1.6806679144288957e-06
1067.9 1.6662034177368164e-06
1068.0 1.651739917221953e-06
1068.1 1.637635665060787e-06
1068.2 1.6235260907382762e-06
1068.3 1.609411194614725e-06
1068.4 1.5952909770504315e-06
1068.5 1.5811654384039837e-06
1068.6 1.5670345790372923e-06
1068.7 1.5528983993090334e-06
1068.8 1.5387568995795461e-06
1068.9 1.5246100802091006e-06
1069.0 1.5104579415558433e-06
1069.1 1.4959873643958552e-06
1069.2 1.4815175222902908e-06
1069.3 1.4670484152427155e-06
1069.4 1.4525800432582629e-06
1069.5 1.4381124063456368e-06
1069.6 1.4239348633472125e-06
1069.7 1.4097521748740692e-06
1069.8 1.395564341379849e-06
1069.9 1.3813713633153699e-06
1070.0 1.3671732411358294e-06
1070.1 1.3529726775245168e-06
1070.2 1.3387669138987326e-06
1070.3 1.3245559506815927e-06
1070.4 1.3103397882976267e-06
1070.5 1.2961184271726414e-06
1070.6 1.281891867729706e-06
1070.7 1.2676601103933292e-06
1070.8 1.2534231555880064e-06
1070.9 1.2391810037368775e-06
1071.0 1.2249336552652188e-06
1071.1 1.2104235962073659e-06
1071.2 1.1959145098852672e-06
1071.3 1.1814063962864563e-06
1071.4 1.1668992553959815e-06
1071.5 1.1523930872014094e-06
1071.6 1.1378878916878788e-06
1071.7 1.1233836688440236e-06
1071.8 1.1088804186548969e-06
1071.9 1.0943781411068133e-06
1072.0 1.0798768361861339e-06
1072.1 1.0654023196884235e-06
1072.2 1.050928073568187e-06
1072.3 1.0364540978621633e-06
1072.4 1.0219803926092718e-06
1072.5 1.0075069578476185e-06
1072.6 9.932350162679566e-07
1072.7 9.789574798454347e-07
1072.8 9.64674348785682e-07
1072.9 9.50385623288178e-07
1073.0 9.360913035564175e-07
1073.1 9.217560432580263e-07
1073.2 9.074162876215229e-07
1073.3 8.930720374281852e-07
1073.4 8.787232934582504e-07
1073.5 8.643700564898604e-07
1073.6 8.498404687681925e-07
1073.7 8.353122655266824e-07
1073.8 8.207854467043676e-07
1073.9 8.062600122412479e-07
1074.0 7.917359620765421e-07
1074.1 7.767786272261681e-07
1074.2 7.618388767232817e-07
1074.3 7.469167106032857e-07
1074.4 7.320121288982906e-07
1074.5 7.171251316435831e-07
1074.6 7.028258473202487e-07
1074.7 6.885207125287311e-07
1074.8 6.742097273232068e-07
1074.9 6.598928917563833e-07
1075.0 6.45570205883476e-07
1075.1 6.433705268944004e-07
1075.2 6.414051010669508e-07
1075.3 6.394370136387748e-07
1075.4 6.374662649658143e-07
1075.5 6.354928554042244e-07
1075.6 6.33260973972776e-07
1075.7 6.310283391041347e-07
1075.8 6.287949509134955e-07
1075.9 6.265608095153978e-07
1076.0 6.243259150228464e-07
1076.1 6.219578173452896e-07
1076.2 6.195899723517201e-07
1076.3 6.172223800275018e-07
1076.4 6.14855040361196e-07
1076.5 6.124879533368701e-07
1076.6 6.0975172169743e-07
1076.7 6.070186083649919e-07
1076.8 6.042886128662874e-07
1076.9 6.015617347299596e-07
1077.0 5.988379734841065e-07
1077.1 5.961510536516069e-07
1077.2 5.934669440728109e-07
1077.3 5.907856447788863e-07
1077.4 5.881071558034473e-07
1077.5 5.854314771799082e-07
1077.6 5.833506026477815e-07
1077.7 5.812678325705157e-07
1077.8 5.791831669398812e-07
1077.9 5.770966057488705e-07
1078.0 5.750081489888986e-07
1078.1 5.73036135554498e-07
1078.2 5.710612693901349e-07
1078.3 5.690835504474161e-07
1078.4 5.671029786773743e-07
1078.5 5.651195540312439e-07
1078.6 5.629066534438404e-07
1078.7 5.606932661903456e-07
1078.8 5.584791331460841e-07
1078.9 5.562640178906208e-07
1079.0 5.540477063340379e-07
1079.1 5.516696450410237e-07
1079.2 5.492913832484394e-07
1079.3 5.469127722763245e-07
1079.4 5.445336844523378e-07
1079.5 5.421540127140466e-07
1079.6 5.393379073367404e-07
1079.7 5.36524894469418e-07
1079.8 5.337149359378618e-07
1079.9 5.30908011978291e-07
1080.0 5.281041207781455e-07
1080.1 5.254326292354751e-07
1080.2 5.227630236762709e-07
1080.3 5.200953532158046e-07
1080.4 5.174296831625557e-07
1080.5 5.147660945837655e-07
1080.6 5.125212831685302e-07
1080.7 5.102749405286311e-07
1080.8 5.080271913246873e-07
1080.9 5.057781747148155e-07
1081.0 5.03528043985721e-07
1081.1 5.011822777710672e-07
1081.2 4.988366339850635e-07
1081.3 4.964913058724007e-07
1081.4 4.941464991757488e-07
1081.5 4.918024317586019e-07
1081.6 4.897575215180568e-07
1081.7 4.877100743030813e-07
1081.8 4.856600733620357e-07
1081.9 4.836075027124172e-07
1082.0 4.815523471336539e-07
1082.1 4.793932316253041e-07
1082.2 4.772324930490291e-07
1082.3 4.7507011831568964e-07
1082.4 4.729060950683738e-07
1082.5 4.707404116708681e-07
1082.6 4.6800529992269804e-07
1082.7 4.6527423374096524e-07
1082.8 4.6254721668836396e-07
1082.9 4.598242527190362e-07
1083.0 4.5710534616697703e-07
1083.1 4.544001351319395e-07
1083.2 4.516988764613108e-07
1083.3 4.4900157580252603e-07
1083.4 4.4630823912973193e-07
1083.5 4.436188727326104e-07
1083.6 4.4156201527466086e-07
1083.7 4.39502130321969e-07
1083.8 4.374394297913024e-07
1083.9 4.3537410754789244e-07
1084.0 4.333063397295552e-07
1084.1 4.312201715029228e-07
1084.2 4.291320135735819e-07
1084.3 4.2704199106896025e-07
1084.4 4.249502126804816e-07
1084.5 4.2285677099924e-07
1084.6 4.204212518609283e-07
1084.7 4.179879640619274e-07
1084.8 4.155569374431447e-07
1084.9 4.1312818648328426e-07
1085.0 4.107017107169421e-07
1085.1 4.079543355684211e-07
1085.2 4.0521287978791145e-07
1085.3 4.024772979274343e-07
1085.4 3.9974753145029024e-07
1085.5 3.9702350919395785e-07
1085.6 3.9382281738980823e-07
1085.7 3.906333730101582e-07
1085.8 3.874550730345571e-07
1085.9 3.842878044090507e-07
1086.0 3.811314445561046e-07
1086.1 3.786988375196687e-07
1086.2 3.762682508962531e-07
1086.3 3.738395373861886e-07
1086.4 3.71412540964339e-07
1086.5 3.689870972806994e-07
1086.6 3.6747130503936365e-07
1086.7 3.659461423081144e-07
1086.8 3.644116091634235e-07
1086.9 3.6286770568297744e-07
1087.0 3.613144319432134e-07
1087.1 3.5965121663013686e-07
1087.2 3.5797982027872526e-07
1087.3 3.56300244847399e-07
1087.4 3.546124922935915e-07
1087.5 3.5291656457339153e-07
1087.6 3.507866655502967e-07
1087.7 3.486542854007252e-07
1087.8 3.465194247547113e-07
1087.9 3.4438208424366767e-07
1088.0 3.422422644967953e-07
1088.1 3.397086150154977e-07
1088.2 3.371778708654772e-07
1088.3 3.346500318943342e-07
1088.4 3.321250979493122e-07
1088.5 3.2960306887761856e-07
1088.6 3.268851898523222e-07
1088.7 3.2417303355362456e-07
1088.8 3.214665996717169e-07
1088.9 3.18765887896088e-07
1089.0 3.160708979182127e-07
1089.1 3.13575884802756e-07
1089.2 3.110837347395239e-07
1089.3 3.0859444764638463e-07
1089.4 3.0610802344150947e-07
1089.5 3.0362446204220876e-07
1089.6 3.0120532178096623e-07
1089.7 2.987881060708671e-07
1089.8 2.9637281485941476e-07
1089.9 2.9395944809379993e-07
1090.0 2.915480057216683e-07
1090.1 2.890559190432079e-07
1090.2 2.8656709471686563e-07
1090.3 2.840815319242732e-07
1090.4 2.8159922984718154e-07
1090.5 2.7912018767034083e-07
1090.6 2.7726965389292795e-07
1090.7 2.754119663611994e-07
1090.8 2.7354712709358546e-07
1090.9 2.716751381085114e-07
1091.0 2.6979600142388916e-07
1091.1 2.677819767585728e-07
1091.2 2.657631024308615e-07
1091.3 2.6373937786110293e-07
1091.4 2.61710802469406e-07
1091.5 2.596773756735161e-07
1091.6 2.567524846228356e-07
1091.7 2.538385817779965e-07
1091.8 2.509356685587192e-07
1091.9 2.480437463857173e-07
1092.0 2.4516281667885853e-07
1092.1 2.423123718041923e-07
1092.2 2.394726975497596e-07
1092.3 2.3664379129563816e-07
1092.4 2.3382565042097804e-07
1092.5 2.310182723093476e-07
1092.6 2.2898096946701924e-07
1092.7 2.2693932564603174e-07
1092.8 2.2489334198503208e-07
1092.9 2.2284301962154435e-07
1093.0 2.2078835969433055e-07
1093.1 2.1896635519091235e-07
1093.2 2.1713510826965396e-07
1093.3 2.1529461979688136e-07
1093.4 2.1344489063914577e-07
1093.5 2.115859216613409e-07
1093.6 2.092901546837875e-07
1093.7 2.069945290920499e-07
1093.8 2.0469904488587192e-07
1093.9 2.0240370206565254e-07
1094.0 2.0010850062986502e-07
1094.1 1.9745770410534136e-07
1094.2 1.9481527422296372e-07
1094.3 1.9218121123474435e-07
1094.4 1.8955551539261544e-07
1094.5 1.8693818694982647e-07
1094.6 1.8467191630947337e-07
1094.7 1.8240560250923254e-07
1094.8 1.8013924556030905e-07
1094.9 1.7787284547428338e-07
1095.0 1.7560640226225802e-07
1095.1 1.7328651371910494e-07
1095.2 1.70967987543538e-07
1095.3 1.686508234301737e-07
1095.4 1.6633502107420756e-07
1095.5 1.640205801699298e-07
1095.6 1.615739682080814e-07
1095.7 1.5913248060003255e-07
1095.8 1.566961160007448e-07
1095.9 1.5426487306570924e-07
1096.0 1.5183875045151325e-07
1096.1 1.498346172996974e-07
1096.2 1.4782301915360742e-07
1096.3 1.4580395608163828e-07
1096.4 1.4377742815240896e-07
1096.5 1.4174343543454303e-07
1096.6 1.3967327997362397e-07
1096.7 1.375965944420816e-07
1096.8 1.3551337890105573e-07
1096.9 1.3342363341245227e-07
1097.0 1.313273580360518e-07
1097.1 1.2880003668406504e-07
1097.2 1.26281245241054e-07
1097.3 1.2377098310800585e-07
1097.4 1.2126924968588512e-07
1097.5 1.1877604437589944e-07
1097.6 1.1636343311430324e-07
1097.7 1.13956542535638e-07
1097.8 1.1155537224155301e-07
1097.9 1.091599218336965e-07
1098.0 1.0677019091419424e-07
1098.1 1.0446817004206378e-07
1098.2 1.0216833577884775e-07
1098.3 9.987068771178533e-08
1098.4 9.757522542816103e-08
1098.5 1.0750596257268275e-07
1098.6 1.1291666440622472e-07
1098.7 1.1393809584304548e-07
1098.8 1.1091097245541408e-07
1098.9 1.0444765507436203e-07
1099.0 9.532878364938032e-08
1099.1 8.444891872038802e-08
1099.2 7.259691021698295e-08
1099.3 6.053946447403438e-08
1099.4 4.892342157546705e-08
1099.5 3.824829729599535e-08
1099.6 2.892331606006134e-08
1099.7 2.103281072572392e-08
1099.8 1.46383113099769e-08
1099.9 9.687373202825276e-09
1100.0 0.0
1100.1 0.0
1100.2 0.0
1100.3 0.0
1100.4 0.0
1100.5 0.0
1100.6 0.0
1100.7 0.0
1100.8 -0.0
1100.9 -0.0
1101.0 -0.0
1101.1 -0.0
1101.2 -0.0
1101.3 -0.0
1101.4 -0.0
1101.5 0.0
1101.6 0.0
1101.7 0.0
1101.8 0.0
1101.9 0.0
1102.0 0.0
1102.1 0.0
1102.2 0.0
1102.3 0.0
1102.4 0.0
1102.5 0.0
1102.6 0.0
1102.7 0.0
1102.8 0.0
1102.9 0.0
1103.0 0.0
1103.1 0.0
1103.2 0.0
1103.3 0.0
1103.4 0.0
1103.5 0.0
1103.6 0.0
1103.7 0.0
1103.8 0.0
1103.9 0.0
1104.0 0.0
1104.1 0.0
1104.2 0.0
1104.3 0.0
1104.4 0.0
1104.5 0.0
1104.6 0.0
1104.7 0.0
1104.8 0.0
1104.9 0.0
1105.0 0.0
1105.1 0.0
1105.2 0.0
1105.3 0.0
1105.4 0.0
1105.5 0.0
1105.6 0.0
1105.7 0.0
1105.8 0.0
1105.9 0.0
1106.0 0.0
1106.1 0.0
1106.2 0.0
1106.3 0.0
1106.4 0.0
1106.5 0.0
1106.6 0.0
1106.7 0.0
1106.8 0.0
1106.9 0.0
1107.0 0.0
1107.1 0.0
1107.2 0.0
1107.3 0.0
1107.4 0.0
1107.5 0.0
1107.6 0.0
1107.7 0.0
1107.8 0.0
1107.9 0.0
1108.0 0.0
1108.1 0.0
1108.2 0.0
1108.3 0.0
1108.4 0.0
1108.5 0.0
1108.6 0.0
1108.7 0.0
1108.8 0.0
1108.9 0.0
1109.0 0.0
1109.1 0.0
1109.2 0.0
1109.3 0.0
1109.4 0.0
1109.5 0.0
1109.6 0.0
1109.7 0.0
1109.8 0.0
1109.9 0.0
1110.0 0.0
1110.1 0.0
1110.2 0.0
1110.3 0.0
1110.4 0.0
1110.5 0.0
1110.6 0.0
1110.7 0.0
1110.8 0.0
1110.9 0.0
1111.0 0.0
1111.1 0.0
1111.2 0.0
1111.3 0.0
1111.4 0.0
1111.5 0.0
1111.6 0.0
1111.7 0.0
1111.8 0.0
1111.9 0.0
1112.0 0.0
1112.1 0.0
1112.2 0.0
1112.3 0.0
1112.4 0.0
1112.5 0.0
1112.6 0.0
1112.7 0.0
1112.8 0.0
1112.9 0.0
1113.0 0.0
1113.1 0.0
1113.2 0.0
1113.3 0.0
1113.4 0.0
1113.5 0.0
1113.6 0.0
1113.7 0.0
1113.8 0.0
1113.9 0.0
1114.0 0.0
1114.1 0.0
1114.2 0.0
1114.3 0.0
1114.4 0.0
1114.5 0.0
1114.6 0.0
1114.7 0.0
1114.8 0.0
1114.9 0.0
1115.0 0.0
1115.1 0.0
1115.2 0.0
1115.3 0.0
1115.4 0.0
1115.5 0.0
1115.6 0.0
1115.7 0.0
1115.8 0.0
1115.9 0.0
1116.0 0.0
1116.1 0.0
1116.2 0.0
1116.3 0.0
1116.4 0.0
1116.5 0.0
1116.6 0.0
1116.7 0.0
1116.8 0.0
1116.9 0.0
1117.0 0.0
1117.1 0.0
1117.2 0.0
1117.3 0.0
1117.4 0.0
1117.5 0.0
1117.6 0.0
1117.7 0.0
1117.8 0.0
1117.9 0.0
1118.0 0.0
1118.1 0.0
1118.2 0.0
1118.3 0.0
1118.4 0.0
1118.5 0.0
1118.6 0.0
1118.7 0.0
1118.8 0.0
1118.9 0.0
1119.0 0.0
1119.1 0.0
1119.2 0.0
1119.3 0.0
1119.4 0.0
1119.5 0.0
1119.6 0.0
1119.7 0.0
1119.8 0.0
1119.9 0.0
1120.0 0.0
1120.1 0.0
1120.2 0.0
1120.3 0.0
1120.4 0.0
1120.5 0.0
1120.6 0.0
1120.7 0.0
1120.8 0.0
1120.9 0.0
1121.0 0.0
1121.1 0.0
1121.2 0.0
1121.3 0.0
1121.4 0.0
1121.5 0.0
1121.6 0.0
1121.7 0.0
1121.8 0.0
1121.9 0.0
1122.0 0.0
1122.1 0.0
1122.2 0.0
1122.3 0.0
1122.4 0.0
1122.5 0.0
1122.6 0.0
1122.7 0.0
1122.8 0.0
1122.9 0.0
1123.0 0.0
1123.1 0.0
1123.2 0.0
1123.3 0.0
1123.4 0.0
1123.5 0.0
1123.6 0.0
1123.7 0.0
1123.8 0.0
1123.9 0.0
1124.0 0.0
1124.1 0.0
1124.2 0.0
1124.3 0.0
1124.4 0.0
1124.5 0.0
1124.6 0.0
1124.7 0.0
1124.8 0.0
1124.9 0.0
1125.0 0.0
1125.1 0.0
1125.2 0.0
1125.3 0.0
1125.4 0.0
1125.5 0.0
1125.6 0.0
1125.7 0.0
1125.8 0.0
1125.9 0.0
1126.0 0.0
1126.1 0.0
1126.2 0.0
1126.3 0.0
1126.4 0.0
1126.5 0.0
1126.6 0.0
1126.7 0.0
1126.8 0.0
1126.9 0.0
1127.0 0.0
1127.1 0.0
1127.2 0.0
1127.3 0.0
1127.4 0.0
1127.5 0.0
1127.6 0.0
1127.7 0.0
1127.8 0.0
1127.9 0.0
1128.0 0.0
1128.1 0.0
1128.2 0.0
1128.3 0.0
1128.4 0.0
1128.5 0.0
1128.6 0.0
1128.7 0.0
1128.8 0.0
1128.9 0.0
1129.0 0.0
1129.1 0.0
1129.2 0.0
1129.3 0.0
1129.4 0.0
1129.5 0.0
1129.6 0.0
1129.7 0.0
1129.8 0.0
1129.9 0.0
1130.0 0.0
1130.1 0.0
1130.2 0.0
1130.3 0.0
1130.4 0.0
1130.5 0.0
1130.6 0.0
1130.7 0.0
1130.8 0.0
1130.9 0.0
1131.0 0.0
1131.1 0.0
1131.2 0.0
1131.3 0.0
1131.4 0.0
1131.5 0.0
1131.6 0.0
1131.7 0.0
1131.8 0.0
1131.9 0.0
1132.0 0.0
1132.1 0.0
1132.2 0.0
1132.3 0.0
1132.4 0.0
1132.5 0.0
1132.6 0.0
1132.7 0.0
1132.8 0.0
1132.9 0.0
1133.0 0.0
1133.1 0.0
1133.2 0.0
1133.3 0.0
1133.4 0.0
1133.5 0.0
1133.6 0.0
1133.7 0.0
1133.8 0.0
1133.9 0.0
1134.0 0.0
1134.1 0.0
1134.2 0.0
1134.3 0.0
1134.4 0.0
1134.5 0.0
1134.6 0.0
1134.7 0.0
1134.8 0.0
1134.9 0.0
1135.0 0.0
1135.1 0.0
1135.2 0.0
1135.3 0.0
1135.4 0.0
1135.5 0.0
1135.6 0.0
1135.7 0.0
1135.8 0.0
1135.9 0.0
1136.0 0.0
1136.1 0.0
1136.2 0.0
1136.3 0.0
1136.4 0.0
1136.5 0.0
1136.6 0.0
1136.7 0.0
1136.8 0.0
1136.9 0.0
1137.0 0.0
1137.1 0.0
1137.2 0.0
1137.3 0.0
1137.4 0.0
1137.5 0.0
1137.6 0.0
1137.7 0.0
1137.8 0.0
1137.9 0.0
1138.0 0.0
1138.1 0.0
1138.2 0.0
1138.3 0.0
1138.4 0.0
1138.5 0.0
1138.6 0.0
1138.7 0.0
1138.8 0.0
1138.9 0.0
1139.0 0.0
1139.1 0.0
1139.2 0.0
1139.3 0.0
1139.4 0.0
1139.5 0.0
1139.6 0.0
1139.7 0.0
1139.8 0.0
1139.9 0.0
1140.0 0.0
1140.1 0.0
1140.2 0.0
1140.3 0.0
1140.4 0.0
1140.5 0.0
1140.6 0.0
1140.7 0.0
1140.8 0.0
1140.9 0.0
1141.0 0.0
1141.1 0.0
1141.2 0.0
1141.3 0.0
1141.4 0.0
1141.5 0.0
1141.6 0.0
1141.7 0.0
1141.8 0.0
1141.9 0.0
1142.0 0.0
1142.1 0.0
1142.2 0.0
1142.3 0.0
1142.4 0.0
1142.5 0.0
1142.6 0.0
1142.7 0.0
1142.8 0.0
1142.9 0.0
1143.0 0.0
1143.1 0.0
1143.2 0.0
1143.3 0.0
1143.4 0.0
1143.5 0.0
1143.6 0.0
1143.7 0.0
1143.8 0.0
1143.9 0.0
1144.0 0.0
1144.1 0.0
1144.2 0.0
1144.3 0.0
1144.4 0.0
1144.5 0.0
1144.6 0.0
1144.7 0.0
1144.8 0.0
1144.9 0.0
1145.0 0.0
1145.1 0.0
1145.2 0.0
1145.3 0.0
1145.4 0.0
1145.5 0.0
1145.6 0.0
1145.7 0.0
1145.8 0.0
1145.9 0.0
1146.0 0.0
1146.1 0.0
1146.2 0.0
1146.3 0.0
1146.4 0.0
1146.5 0.0
1146.6 0.0
1146.7 0.0
1146.8 0.0
1146.9 0.0
1147.0 0.0
1147.1 0.0
1147.2 0.0
1147.3 0.0
1147.4 0.0
1147.5 0.0
1147.6 0.0
1147.7 0.0
1147.8 0.0
1147.9 0.0
1148.0 0.0
1148.1 0.0
1148.2 0.0
1148.3 0.0
1148.4 0.0
1148.5 0.0
1148.6 0.0
1148.7 0.0
1148.8 0.0
1148.9 0.0
1149.0 0.0
1149.1 0.0
1149.2 0.0
1149.3 0.0
1149.4 0.0
1149.5 0.0
1149.6 0.0
1149.7 0.0
1149.8 0.0
1149.9 0.0
1150.0 0.0
