data/throughputs/total_comcam_z.ecsv
# %ECSV 1.0
# ---
# datatype:
# - {name: wavelength, unit: nm, datatype: float32}
# - {name: throughput, unit: '', datatype: float64}
# schema: astropy-2.0
wavelength throughput
[from data line 692]
369.2 1.7257357238354588e-05
369.3 1.728711962204247e-05
369.4 1.7316863261703483e-05
369.5 1.734658107680425e-05
369.6 1.7381645085753537e-05
369.7 1.7416685503417347e-05
369.8 1.7451697976809948e-05
369.9 1.748667925433367e-05
370.0 1.7521627197058795e-05
370.1 1.7558126813344236e-05
370.2 1.75945982258929e-05
370.3 1.763104269148675e-05
370.4 1.766746262576761e-05
370.5 1.7703861615078665e-05
370.6 1.7734790707286678e-05
370.7 1.776569488154875e-05
370.8 1.7796580857416298e-05
370.9 1.782745659500983e-05
371.0 1.785833130545623e-05
371.1 1.791044771529528e-05
371.2 1.7962668112650855e-05
371.3 1.8015005687607736e-05
371.4 1.806747499139446e-05
371.5 1.8120091954972587e-05
371.6 1.8167309856474196e-05
371.7 1.821461866933188e-05
371.8 1.826201887135441e-05
371.9 1.8309510944107086e-05
372.0 1.8357095373200267e-05
372.1 1.840382090216608e-05
372.2 1.845063566208035e-05
372.3 1.84975401419566e-05
372.4 1.8544534834696822e-05
372.5 1.8591620237078164e-05
372.6 1.8633119285546053e-05
372.7 1.867468917381841e-05
372.8 1.871632986094264e-05
372.9 1.8758041342939938e-05
373.0 1.8799823653042503e-05
373.1 1.8844101285034827e-05
373.2 1.8888458027743093e-05
373.3 1.8932894042724626e-05
373.4 1.8977409530607012e-05
373.5 1.902200473163614e-05
373.6 1.906084356251968e-05
373.7 1.909970584581927e-05
373.8 1.9138608845165292e-05
373.9 1.917756864476558e-05
374.0 1.9216600136481848e-05
374.1 1.9252698958499438e-05
374.2 1.9288882369849162e-05
374.3 1.9325161555521913e-05
374.4 1.9361546449597228e-05
374.5 1.9398045723273234e-05
374.6 1.94288004162384e-05
374.7 1.9459671144786408e-05
374.8 1.9490662758930105e-05
374.9 1.9521778872227434e-05
375.0 1.9552008691941642e-05
375.1 1.9593597736934287e-05
375.2 1.9635350362379714e-05
375.3 1.9677265343127995e-05
375.4 1.9719340161682407e-05
375.5 1.9761570994433772e-05
375.6 1.97979985731834e-05
375.7 1.983454883818971e-05
375.8 1.987121373476944e-05
375.9 1.9907983775526382e-05
376.0 1.9944848027352714e-05
376.1 1.9993899538261658e-05
376.2 2.0043062090823545e-05
376.3 2.009232042101879e-05
376.4 2.014165772590727e-05
376.5 2.0191055645996824e-05
376.6 2.0234439510656086e-05
376.7 2.027789965945426e-05
376.8 2.0321436057107527e-05
376.9 2.0365048708464178e-05
377.0 2.0408737658939975e-05
377.1 2.0455235675614166e-05
377.2 2.050181893883934e-05
377.3 2.054848763424123e-05
377.4 2.0595241989915856e-05
377.5 2.0642082276870243e-05
377.6 2.0682845863773057e-05
377.7 2.072367304564757e-05
377.8 2.07645634763335e-05
377.9 2.0805516806295653e-05
378.0 2.0846532682877015e-05
378.1 2.088947438156552e-05
378.2 2.09324824583881e-05
378.3 2.097555655554879e-05
378.4 2.101869631176254e-05
378.5 2.106190136234069e-05
378.6 2.1098910655984872e-05
378.7 2.1135967515492602e-05
378.8 2.117307283467868e-05
378.9 2.1210227513304253e-05
379.0 2.1247432457164027e-05
379.1 2.1284589078472662e-05
379.2 2.132179758285016e-05
379.3 2.135905889402347e-05
379.4 2.1396373941785e-05
379.5 2.14337436621507e-05
379.6 2.1477520418138208e-05
379.7 2.1521370273519714e-05
379.8 2.1565293190215112e-05
379.9 2.1609289107202414e-05
380.0 2.165335794035953e-05
380.1 2.1697333178436147e-05
380.2 2.174138270190921e-05
380.3 2.17855063632172e-05
380.4 2.1829703990633326e-05
380.5 2.1873975388344768e-05
380.6 2.1924773592430215e-05
380.7 2.1975666867871815e-05
380.8 2.2026655286408962e-05
380.9 2.2077738874597305e-05
381.0 2.212891761332313e-05
381.1 2.2168920785768584e-05
381.2 2.2208981161990106e-05
381.3 2.2249098511676613e-05
381.4 2.228927255735459e-05
381.5 2.232950297401238e-05
381.6 2.2376349360800906e-05
381.7 2.242327486754152e-05
381.8 2.2470279214836134e-05
381.9 2.251736216564601e-05
382.0 2.256452352603408e-05
382.1 2.2605749078913587e-05
382.2 2.2647034746039476e-05
382.3 2.2688380434929453e-05
382.4 2.272978609809549e-05
382.5 2.277125173335178e-05
382.6 2.281943422886101e-05
382.7 2.2867694697901906e-05
382.8 2.291603353948261e-05
382.9 2.296445113206943e-05
383.0 2.301294783338907e-05
383.1 2.3059902474618542e-05
383.2 2.3106932928014967e-05
383.3 2.3154039482925907e-05
383.4 2.3201222406926613e-05
383.5 2.324848194551633e-05
383.6 2.329585088188409e-05
383.7 2.334331928817048e-05
383.8 2.3390876998313507e-05
383.9 2.3438514569558954e-05
384.0 2.348622329008209e-05
384.1 2.3533405490446264e-05
384.2 2.3580641775981253e-05
384.3 2.3627925674236772e-05
384.4 2.3675251476199242e-05
384.5 2.372261424418344e-05
384.6 2.377689768115488e-05
384.7 2.3831231334084673e-05
384.8 2.388561181378846e-05
384.9 2.3940036476905187e-05
385.0 2.3994503434350933e-05
385.1 2.40380939331861e-05
385.2 2.4081689110794312e-05
385.3 2.4125289404785957e-05
385.4 2.416889604013578e-05
385.5 2.421251103617355e-05
385.6 2.426313552221424e-05
385.7 2.4313798718631228e-05
385.8 2.4364505900043505e-05
385.9 2.44152632261575e-05
386.0 2.446607775071931e-05
386.1 2.4507966475296502e-05
386.2 2.4549902363304546e-05
386.3 2.4591895159371008e-05
386.4 2.463395552251663e-05
386.5 2.4676095033799385e-05
386.6 2.4718326203684676e-05
386.7 2.476061466781926e-05
386.8 2.4802960486795608e-05
386.9 2.4845363721178285e-05
387.0 2.4887824431583776e-05
387.1 2.495013157256631e-05
387.2 2.5012565507150636e-05
387.3 2.507512643635109e-05
387.4 2.5137814561299545e-05
387.5 2.5200630083436007e-05
387.6 2.5256348848369855e-05
387.7 2.531216762199947e-05
387.8 2.536808654433666e-05
387.9 2.5424105755615005e-05
388.0 2.5480225396210614e-05
388.1 2.552598441342145e-05
388.2 2.5571808988310975e-05
388.3 2.5617699193764788e-05
388.4 2.566365510268916e-05
388.5 2.5709676788208576e-05
388.6 2.576307557559064e-05
388.7 2.5816539761275123e-05
388.8 2.587008098300962e-05
388.9 2.592371010905035e-05
389.0 2.5977437229327974e-05
389.1 2.602295717025409e-05
389.2 2.6068567884011207e-05
389.3 2.6114276998494205e-05
389.4 2.6160091320082705e-05
389.5 2.620601682631013e-05
389.6 2.625205865865621e-05
389.7 2.6298221114540887e-05
389.8 2.6344507640045147e-05
389.9 2.6390920822416784e-05
390.0 2.6437462382368485e-05
390.1 2.64969796691388e-05
390.2 2.6556668630056142e-05
390.3 2.661652851174327e-05
390.4 2.6676557659686973e-05
390.5 2.6736753508113922e-05
390.6 2.678953634334781e-05
390.7 2.6842452335645538e-05
390.8 2.6895496037982142e-05
390.9 2.6948661058270397e-05
391.0 2.700194005047816e-05
391.1 2.7045392949066694e-05
391.2 2.708891158991617e-05
391.3 2.7132485655724526e-05
391.4 2.7176103855068234e-05
391.5 2.72197539150508e-05
391.6 2.7263421453417524e-05
391.7 2.7307143776104532e-05
391.8 2.7350921308918066e-05
391.9 2.7394754452519232e-05
392.0 2.743864358196644e-05
392.1 2.749576491678735e-05
392.2 2.7552982245737176e-05
392.3 2.7610295934386586e-05
392.4 2.7667706322448535e-05
392.5 2.772521372341168e-05
392.6 2.77750209262375e-05
392.7 2.7824903540499743e-05
392.8 2.7874861003108624e-05
392.9 2.7924892774625368e-05
393.0 2.7974998339582112e-05
393.1 2.802889691520153e-05
393.2 2.8082880287214012e-05
393.3 2.8136948035506357e-05
393.4 2.8191099764439235e-05
393.5 2.824533510335877e-05
393.6 2.830753785493014e-05
393.7 2.8369823170026994e-05
393.8 2.8432204223408446e-05
393.9 2.8494693324645897e-05
394.0 2.855730190767e-05
394.1 2.8604969398468073e-05
394.2 2.865272842811887e-05
394.3 2.8700587595460884e-05
394.4 2.8748554566548133e-05
394.5 2.8796636066618965e-05
394.6 2.884483905711112e-05
394.7 2.8893169579434607e-05
394.8 2.8941631588219268e-05
394.9 2.8990228124230086e-05
395.0 2.9038961306907543e-05
395.1 2.9083548524738264e-05
395.2 2.912826163749488e-05
395.3 2.9173099902855425e-05
395.4 2.9218061626928794e-05
395.5 2.92631441570625e-05
395.6 2.930838239593229e-05
395.7 2.9353754817201058e-05
395.8 2.939924211713235e-05
395.9 2.944482481326188e-05
396.0 2.9490483243456566e-05
396.1 2.9557637961021977e-05
396.2 2.9624897476047187e-05
396.3 2.9692241623691988e-05
396.4 2.9759649997028123e-05
396.5 2.9827101945406402e-05
396.6 2.9886341839320717e-05
396.7 2.994564160041042e-05
396.8 3.0004984007810177e-05
396.9 3.0064353742935872e-05
397.0 3.0123737409339428e-05
397.1 3.0178075256586534e-05
397.2 3.0232390084953954e-05
397.3 3.0286674408469924e-05
397.4 3.034092274637746e-05
397.5 3.0395131640927037e-05
397.6 3.0449299676025405e-05
397.7 3.0503425764747703e-05
397.8 3.0557512109481e-05
397.9 3.061156297450236e-05
398.0 3.066558470354622e-05
398.1 3.07159234987386e-05
398.2 3.076624108071262e-05
398.3 3.081655014732548e-05
398.4 3.086686554086213e-05
398.5 3.091720426535687e-05
398.6 3.0976114168887095e-05
398.7 3.103505470608968e-05
398.8 3.109403259751052e-05
398.9 3.115305568681336e-05
399.0 3.121213295115398e-05
399.1 3.1263914152762875e-05
399.2 3.1315751445285405e-05
399.3 3.1367657240118706e-05
399.4 3.141964511087492e-05
399.5 3.147172980303881e-05
399.6 3.15239272428343e-05
399.7 3.1576193642596875e-05
399.8 3.1628529072997946e-05
399.9 3.168093360480873e-05
400.0 3.173340730894607e-05
400.1 3.176870109360267e-05
400.2 3.180108677580223e-05
400.3 3.18334992235791e-05
400.4 3.186593845426972e-05
400.5 3.1898404485218965e-05
400.6 3.193089733373349e-05
400.7 3.196341701712813e-05
400.8 3.199596355277282e-05
400.9 3.2028536958045836e-05
401.0 3.206113725028954e-05
401.1 3.210450797651249e-05
401.2 3.214792314641793e-05
401.3 3.21913827940832e-05
401.4 3.2234886953510505e-05
401.5 3.2278435658765273e-05
401.6 3.2313226648479085e-05
401.7 3.234804808059185e-05
401.8 3.23828999759472e-05
401.9 3.241778235530517e-05
402.0 3.245269523957738e-05
402.1 3.2486597593231485e-05
402.2 3.252052875068807e-05
402.3 3.25544887311429e-05
402.4 3.25884775538013e-05
402.5 3.262249523792543e-05
402.6 3.265654180273974e-05
402.7 3.2690617267525634e-05
402.8 3.272472165152672e-05
402.9 3.275885497404365e-05
403.0 3.2793017254339466e-05
403.1 3.2828030383296205e-05
403.2 3.2863074034606096e-05
403.3 3.289814822926114e-05
403.4 3.2933252988359474e-05
403.5 3.296838833291506e-05
403.6 3.300355428395269e-05
403.7 3.303875086250801e-05
403.8 3.307397808972322e-05
403.9 3.310923598660811e-05
404.0 3.3144524574326434e-05
404.1 3.3178181787493634e-05
404.2 3.3211866575643245e-05
404.3 3.3245578956211786e-05
404.4 3.327931894673976e-05
404.5 3.331308656477793e-05
404.6 3.335589206336633e-05
404.7 3.339873862961014e-05
404.8 3.344162629247094e-05
404.9 3.348455508121344e-05
405.0 3.352752502492082e-05
405.1 3.3556332527485096e-05
405.2 3.358515992446289e-05
405.3 3.3614007226670075e-05
405.4 3.364287444483024e-05
405.5 3.3671761589816395e-05
405.6 3.370066867240928e-05
405.7 3.372959570344245e-05
405.8 3.3758542693657e-05
405.9 3.378750965399221e-05
406.0 3.38164965951509e-05
406.1 3.38514221478431e-05
406.2 3.3886376714666034e-05
406.3 3.3921360314091724e-05
406.4 3.3956372964746494e-05
406.5 3.399141468511934e-05
406.6 3.402648549380497e-05
406.7 3.406158540935802e-05
406.8 3.409671445043907e-05
406.9 3.413187263561984e-05
407.0 3.416705998347826e-05
407.1 3.419291528820051e-05
407.2 3.421878592992665e-05
407.3 3.424467191574342e-05
407.4 3.427057325254411e-05
407.5 3.429648994742006e-05
407.6 3.432242200741616e-05
407.7 3.4348369439481594e-05
407.8 3.437433225071489e-05
407.9 3.44003104480699e-05
408.0 3.4426304038652204e-05
408.1 3.446151972497611e-05
408.2 3.449676469490698e-05
408.3 3.4532038967578805e-05
408.4 3.456734256208571e-05
408.5 3.460267549762962e-05
408.6 3.463803779322472e-05
408.7 3.467342946814093e-05
408.8 3.470885054146032e-05
408.9 3.4744301032422315e-05
409.0 3.4779780960126476e-05
409.1 3.481131908042146e-05
409.2 3.4842880054361324e-05
409.3 3.487446389458904e-05
409.4 3.4906070613950824e-05
409.5 3.4937700225050246e-05
409.6 3.49693527407438e-05
409.7 3.500102817369474e-05
409.8 3.503272653662089e-05
409.9 3.506444784234458e-05
410.0 3.509619210354429e-05
410.1 3.5128858121358734e-05
410.2 3.5161548361735723e-05
410.3 3.5194262838311685e-05
410.4 3.522700156482833e-05
410.5 3.5259764554835446e-05
410.6 3.5301923184816326e-05
410.7 3.53441185507066e-05
410.8 3.538635067566958e-05
410.9 3.542861958287845e-05
411.0 3.547092529546257e-05
411.1 3.549953745622347e-05
411.2 3.552816789197215e-05
411.3 3.555681661171341e-05
411.4 3.558548362440508e-05
411.5 3.561416893905833e-05
411.6 3.5642872564687634e-05
411.7 3.567159451026041e-05
411.8 3.5700334784747187e-05
411.9 3.572909339717203e-05
412.0 3.575787035656288e-05
412.1 3.578917616498905e-05
412.2 3.5820503676313174e-05
412.3 3.5851852901939876e-05
412.4 3.588322385327794e-05
412.5 3.591461654168982e-05
412.6 3.594603097864324e-05
412.7 3.5977467175458405e-05
412.8 3.600892514351019e-05
412.9 3.6040404894329416e-05
413.0 3.6071906439197085e-05
413.1 3.6099744431264877e-05
413.2 3.61275992948847e-05
413.3 3.615547103779069e-05
413.4 3.6183359667820906e-05
413.5 3.621126519281607e-05
413.6 3.623918762061952e-05
413.7 3.626712695902639e-05
413.8 3.6295083215834374e-05
413.9 3.632305639889458e-05
414.0 3.6351046516010775e-05
414.1 3.638263894888366e-05
414.2 3.6414253264911105e-05
414.3 3.644588947563762e-05
414.4 3.6477547592816126e-05
414.5 3.6509227627999944e-05
414.6 3.6540929592848863e-05
414.7 3.6572653498976004e-05
414.8 3.6604399358049984e-05
414.9 3.663616718174392e-05
415.0 3.666795698168303e-05
415.1 3.669524002840405e-05
415.2 3.672253879072103e-05
415.3 3.674985327536917e-05
415.4 3.6777183489188216e-05
415.5 3.680452943891741e-05
415.6 3.6831891131349234e-05
415.7 3.685926857317546e-05
415.8 3.688666177124391e-05
415.9 3.691407073230172e-05
416.0 3.694149546314979e-05
416.1 3.697068692668707e-05
416.2 3.6999896455909596e-05
416.3 3.702912405925373e-05
416.4 3.705836974505553e-05
416.5 3.7087633521808315e-05
416.6 3.711691539790506e-05
416.7 3.71462153817414e-05
416.8 3.7175533481818904e-05
416.9 3.720486970648696e-05
417.0 3.723422406425175e-05
417.1 3.726024485605948e-05
417.2 3.7286279513658674e-05
417.3 3.731232804252332e-05
417.4 3.733839044807722e-05
417.5 3.736446673584911e-05
417.6 3.739055691126558e-05
417.7 3.741666097975466e-05
417.8 3.7442778946745706e-05
417.9 3.746891081777333e-05
418.0 3.749505659826933e-05
418.1 3.751961748672906e-05
418.2 3.754419040192319e-05
418.3 3.7568775348253805e-05
418.4 3.7593372329864135e-05
418.5 3.761798135115832e-05
418.6 3.764260241633346e-05
418.7 3.7667235529639605e-05
418.8 3.7691880695483936e-05
418.9 3.7716537918014354e-05
419.0 3.774120720158914e-05
419.1 3.7770149607450166e-05
419.2 3.7799109489843436e-05
419.3 3.782808685687645e-05
419.4 3.785708171655493e-05
419.5 3.788609407704396e-05
419.6 3.791512394645917e-05
419.7 3.794417133276192e-05
419.8 3.7973236244177775e-05
419.9 3.800231868877806e-05
420.0 3.803141867468847e-05
420.1 3.805780866741735e-05
420.2 3.8084212529763967e-05
420.3 3.811063026698206e-05
420.4 3.813706188437907e-05
420.5 3.81635073872112e-05
420.6 3.818996678073594e-05
420.7 3.821644007036963e-05
420.8 3.824292726126726e-05
420.9 3.826942835879522e-05
421.0 3.829594336821568e-05
421.1 3.8321073768394965e-05
421.2 3.834621650341658e-05
421.3 3.8371371577729613e-05
421.4 3.839653899557342e-05
421.5 3.842171876145176e-05
421.6 3.844691087971131e-05
421.7 3.8472115354647005e-05
421.8 3.849733219076562e-05
421.9 3.852256139236406e-05
422.0 3.854780296384472e-05
422.1 3.856983798502375e-05
422.2 3.8591881977193885e-05
422.3 3.861393494291016e-05
422.4 3.86359968846751e-05
422.5 3.865806780520321e-05
422.6 3.868014770699792e-05
422.7 3.870223659272185e-05
422.8 3.872433446487926e-05
422.9 3.8746441326080794e-05
423.0 3.8768557178936214e-05
423.1 3.878641772744693e-05
423.2 3.880428432189092e-05
423.3 3.882215696356799e-05
423.4 3.8840035653884326e-05
423.5 3.8857920394196056e-05
423.6 3.888579213872035e-05
423.7 3.8913679125636205e-05
423.8 3.894158136100289e-05
423.9 3.896949885082798e-05
424.0 3.899743160117315e-05
424.1 3.902326496922282e-05
424.2 3.904911111977493e-05
424.3 3.90749700574151e-05
424.4 3.910084178667679e-05
424.5 3.912672631198783e-05
424.6 3.91526236379369e-05
424.7 3.917853376906038e-05
424.8 3.920445670978897e-05
424.9 3.9230392464660944e-05
425.0 3.925515724278178e-05
425.1 3.927950742440435e-05
425.2 3.930386842034667e-05
425.3 3.932824023380256e-05
425.4 3.935262286791292e-05
