data/throughputs/total_comcam_g.ecsv
# %ECSV 1.0
# ---
# datatype:
# - {name: wavelength, unit: nm, datatype: float32}
# - {name: throughput, unit: '', datatype: float64}
# schema: astropy-2.0
wavelength throughput
[from data line 692]
369.2 1.7257357238354588e-05
369.3 1.728711962204247e-05
369.4 1.7316863261703483e-05
369.5 1.734658107680425e-05
369.6 1.7381645085753537e-05
369.7 1.7416685503417347e-05
369.8 1.7451697976809948e-05
369.9 1.748667925433367e-05
370.0 1.7521627197058795e-05
370.1 1.7558126813344236e-05
370.2 1.75945982258929e-05
370.3 1.763104269148675e-05
370.4 1.766746262576761e-05
370.5 1.7703861615078665e-05
370.6 1.7734790707286678e-05
370.7 1.776569488154875e-05
370.8 1.7796580857416298e-05
370.9 1.782745659500983e-05
371.0 1.785833130545623e-05
371.1 1.791044771529528e-05
371.2 1.7962668112650855e-05
371.3 1.8015005687607736e-05
371.4 1.806747499139446e-05
371.5 1.8120091954972587e-05
371.6 1.8167309856474196e-05
371.7 1.821461866933188e-05
371.8 1.826201887135441e-05
371.9 1.8309510944107086e-05
372.0 1.8357095373200267e-05
372.1 1.840382090216608e-05
372.2 1.845063566208035e-05
372.3 1.84975401419566e-05
372.4 1.8544534834696822e-05
372.5 1.8591620237078164e-05
372.6 1.8633119285546053e-05
372.7 1.867468917381841e-05
372.8 1.871632986094264e-05
372.9 1.8758041342939938e-05
373.0 1.8799823653042503e-05
373.1 1.8844101285034827e-05
373.2 1.8888458027743093e-05
373.3 1.8932894042724626e-05
373.4 1.8977409530607012e-05
373.5 1.902200473163614e-05
373.6 1.906084356251968e-05
373.7 1.909970584581927e-05
373.8 1.9138608845165292e-05
373.9 1.917756864476558e-05
374.0 1.9216600136481848e-05
374.1 1.9252698958499438e-05
374.2 1.9288882369849162e-05
374.3 1.9325161555521913e-05
374.4 1.9361546449597228e-05
374.5 1.9398045723273234e-05
374.6 1.94288004162384e-05
374.7 1.9459671144786408e-05
374.8 1.9490662758930105e-05
374.9 1.9521778872227434e-05
375.0 1.9552008691941642e-05
375.1 1.9593597736934287e-05
375.2 1.9635350362379714e-05
375.3 1.9677265343127995e-05
375.4 1.9719340161682407e-05
375.5 1.9761570994433772e-05
375.6 1.97979985731834e-05
375.7 1.983454883818971e-05
375.8 1.987121373476944e-05
375.9 1.9907983775526382e-05
376.0 1.9944848027352714e-05
376.1 1.9993899538261658e-05
376.2 2.0043062090823545e-05
376.3 2.009232042101879e-05
376.4 2.014165772590727e-05
376.5 2.0191055645996824e-05
376.6 2.0234439510656086e-05
376.7 2.027789965945426e-05
376.8 2.0321436057107527e-05
376.9 2.0365048708464178e-05
377.0 2.0408737658939975e-05
377.1 2.0455235675614166e-05
377.2 2.050181893883934e-05
377.3 2.054848763424123e-05
377.4 2.0595241989915856e-05
377.5 2.0642082276870243e-05
377.6 2.0682845863773057e-05
377.7 2.072367304564757e-05
377.8 2.07645634763335e-05
377.9 2.0805516806295653e-05
378.0 2.0846532682877015e-05
378.1 2.088947438156552e-05
378.2 2.09324824583881e-05
378.3 2.097555655554879e-05
378.4 2.101869631176254e-05
378.5 2.106190136234069e-05
378.6 2.1098910655984872e-05
378.7 2.1135967515492602e-05
378.8 2.117307283467868e-05
378.9 2.1210227513304253e-05
379.0 2.1247432457164027e-05
379.1 2.1284589078472662e-05
379.2 2.132179758285016e-05
379.3 2.135905889402347e-05
379.4 2.1396373941785e-05
379.5 2.14337436621507e-05
379.6 2.1477520418138208e-05
379.7 2.1521370273519714e-05
379.8 2.1565293190215112e-05
379.9 2.1609289107202414e-05
380.0 2.165335794035953e-05
380.1 2.1697333178436147e-05
380.2 2.174138270190921e-05
380.3 2.17855063632172e-05
380.4 2.1829703990633326e-05
380.5 2.1873975388344768e-05
380.6 2.1924773592430215e-05
380.7 2.1975666867871815e-05
380.8 2.2026655286408962e-05
380.9 2.2077738874597305e-05
381.0 2.212891761332313e-05
381.1 2.2168920785768584e-05
381.2 2.2208981161990106e-05
381.3 2.2249098511676613e-05
381.4 2.228927255735459e-05
381.5 2.232950297401238e-05
381.6 2.2376349360800906e-05
381.7 2.242327486754152e-05
381.8 2.2470279214836134e-05
381.9 2.251736216564601e-05
382.0 2.256452352603408e-05
382.1 2.2605749078913587e-05
382.2 2.2647034746039476e-05
382.3 2.2688380434929453e-05
382.4 2.272978609809549e-05
382.5 2.277125173335178e-05
382.6 2.281943422886101e-05
382.7 2.2867694697901906e-05
382.8 2.291603353948261e-05
382.9 2.296445113206943e-05
383.0 2.301294783338907e-05
383.1 2.3059902474618542e-05
383.2 2.3106932928014967e-05
383.3 2.3154039482925907e-05
383.4 2.3201222406926613e-05
383.5 2.324848194551633e-05
383.6 2.329585088188409e-05
383.7 2.334331928817048e-05
383.8 2.3390876998313507e-05
383.9 2.3438514569558954e-05
384.0 2.348622329008209e-05
384.1 2.3533405490446264e-05
384.2 2.3580641775981253e-05
384.3 2.3627925674236772e-05
384.4 2.3675251476199242e-05
384.5 2.372261424418344e-05
384.6 2.377689768115488e-05
384.7 2.3831231334084673e-05
384.8 2.388561181378846e-05
384.9 2.3940036476905187e-05
385.0 2.3994503472204317e-05
385.1 0.00022025384331957103
385.2 0.0004172248965582361
385.3 0.0006149077889163189
385.4 0.0008133026869057089
385.5 0.0010124098302494646
385.6 0.0012125793135238305
385.7 0.001413577512361302
385.8 0.0016154057244211232
385.9 0.0018180654854904848
386.0 0.0020215586063142736
386.1 0.002053654853989666
386.2 0.0020858529944209566
386.3 0.0021181540322516134
386.4 0.0021505590974946693
386.5 0.002183069451550868
386.6 0.0022156864932558512
386.7 0.0022484074234087655
386.8 0.002281232448410356
386.9 0.0023141617749419556
387.0 0.0023471956099663472
387.1 0.0023492719537010465
387.2 0.00235134123809065
387.3 0.002353403424069181
387.4 0.002355458472459217
387.5 0.002357506343989633
387.6 0.0023588722646602027
387.7 0.00236023053869581
387.8 0.0023615811334365437
387.9 0.002362924016157811
388.0 0.0023642591541043474
388.1 0.0025725648663911995
388.2 0.002781609323277106
388.3 0.0029913941055165465
388.4 0.0032019207961972293
388.5 0.0034131909807671402
388.6 0.003626235329147715
388.7 0.0038401431665279185
388.8 0.004054917885448257
388.9 0.004270563123824387
389.0 0.004487082732651233
389.1 0.004640543837415057
389.2 0.004794531005256923
389.3 0.0049490472053992955
389.4 0.005104095417491087
389.5 0.005259678607154412
389.6 0.005415799701310699
389.7 0.00557246156309565
389.8 0.0057296669666635144
389.9 0.00588741857169903
390.0 0.00604571889769225
390.1 0.006511023323251004
390.2 0.00697840204268722
390.3 0.007447863624777673
390.4 0.007919416319409425
390.5 0.008393067977593368
390.6 0.008866318527361155
390.7 0.009341414994970034
390.8 0.009818362201736265
390.9 0.010297164236443241
391.0 0.010777824371262866
391.1 0.011349490969618863
391.2 0.011922967725124014
391.3 0.012498253927597078
391.4 0.013075347552320154
391.5 0.013654245156522998
391.6 0.014234941189903458
391.7 0.014817456970194086
391.8 0.01540179610575233
391.9 0.015987962225169884
392.0 0.016575958974473535
392.1 0.017433414788012185
392.2 0.018294353621874992
392.3 0.01915878434904428
392.4 0.0200267158675519
392.5 0.020898157096333313
392.6 0.021767006149858097
392.7 0.022638898018796934
392.8 0.023513838999348318
392.9 0.024391835340956305
393.0 0.025272893250210086
393.1 0.02649765024807611
393.2 0.02772701402846414
393.3 0.028960994832872684
393.4 0.030199602858507677
393.5 0.03144284826398645
393.6 0.0326998486589053
393.7 0.03396216782302583
393.8 0.03522983247380382
393.9 0.03650287043155297
394.0 0.037781310424172244
394.1 0.03936673098588545
394.2 0.040957356124616845
394.3 0.042553213204613534
394.4 0.04415432998799834
394.5 0.04576073437379349
394.6 0.047372456080604926
394.7 0.04898952474904566
394.8 0.050611967656546325
394.9 0.05223981127563304
395.0 0.053873081016954046
395.1 0.055713899731795004
395.2 0.057560357822234766
395.3 0.05941247660754235
395.4 0.06127027523205279
395.5 0.0631337703620386
395.6 0.06500306131632333
395.7 0.06687812728815613
395.8 0.06875894746393625
395.9 0.07064549593360668
396.0 0.0725377416343991
396.1 0.07485649159503638
396.2 0.07718530038251498
396.3 0.07952413689637547
396.4 0.08187296349329923
396.5 0.08423173589430451
396.6 0.08657654822113288
396.7 0.08893017077405055
396.8 0.09129256424296425
396.9 0.09366369022537475
397.0 0.09604351198273005
397.1 0.09863854788045058
397.2 0.10124222791703
397.3 0.10385452088090151
397.4 0.10647540019440163
397.5 0.10910484478223038
397.6 0.11174283995162029
397.7 0.11438937178963592
397.8 0.11704443863349039
397.9 0.119708047590487
398.0 0.12238021543551848
398.1 0.12530622423218193
398.2 0.12824107672287902
398.3 0.13118482131576975
398.4 0.13413752024422645
398.5 0.13709925059491282
398.6 0.14010868152019268
398.7 0.14312870669635055
398.8 0.14615936586717376
398.9 0.14920070654036302
399.0 0.15225278453635227
399.1 0.15527848242315223
399.2 0.15831364985712237
399.3 0.16135836560952282
399.4 0.16441271893681614
399.5 0.1674768101475026
399.6 0.17055075116981536
399.7 0.17363433122191085
399.8 0.17672756904891992
399.9 0.17983048342161412
400.0 0.18294309313667698
400.1 0.18580115446860504
400.2 0.18864786288507734
400.3 0.19150014460990694
400.4 0.1943580064584279
400.5 0.19722145525182086
400.6 0.20009049781682448
400.7 0.2029651409860138
400.8 0.2058453915981057
400.9 0.208731256497677
401.0 0.21162274253483057
401.1 0.21439197799724255
401.2 0.21716822227310625
401.3 0.21995148590708222
401.4 0.22274177945385423
401.5 0.2255391134790667
401.6 0.22828131351048864
401.7 0.23102911243120394
401.8 0.2337825174549349
401.9 0.2365415358012419
402.0 0.23930617469713983
402.1 0.24169801203230792
402.2 0.2440945359291378
402.3 0.24649575223007975
402.4 0.24890166678271955
402.5 0.25131228544014544
402.6 0.25372761406023286
402.7 0.25614765850637305
402.8 0.25857242464674357
402.9 0.26100191835505143
403.0 0.2634361455096508
403.1 0.2652800307247446
403.2 0.2671274972906627
403.3 0.26897854973762975
403.4 0.27083319260074035
403.5 0.2726914304184096
403.6 0.2745532677331441
403.7 0.2764187090915441
403.8 0.2782877590451117
403.9 0.2801604221482541
404.0 0.2820367029605983
404.1 0.2835185121744059
404.2 0.28500298335784535
404.3 0.2864901196417539
404.4 0.2879799241603814
404.5 0.28947240005059477
404.6 0.2910461690813475
404.7 0.292623382491002
404.8 0.2942040449733519
404.9 0.29578816122904233
405.0 0.29737573596120076
405.1 0.29831478947953
405.2 0.29925519388150235
405.3 0.3001969504794586
405.4 0.3011400605857953
405.5 0.30208452551512277
405.6 0.30303034658210803
405.7 0.3039775251027721
405.8 0.30492606239318387
405.9 0.30587595977208143
406.0 0.30682721855692013
406.1 0.3077151820657967
406.2 0.30860458819567016
406.3 0.3094954385834829
406.4 0.31038773486883403
406.5 0.31128147869132194
406.6 0.31217667169276275
406.7 0.31307331551585854
406.8 0.3139714118055398
406.9 0.3148709622071756
407.0 0.3157719683673811
407.1 0.31631968511867675
407.2 0.3168680108383519
407.3 0.31741694600757364
407.4 0.31796649110597014
407.5 0.3185166466152579
407.6 0.3190674130169778
407.7 0.3196187907920344
407.8 0.3201707804229747
407.9 0.3207233823912528
408.0 0.32127659717995827
408.1 0.3217858188927978
408.2 0.3222956832563275
408.3 0.32280619090975055
408.4 0.3233173424922984
408.5 0.32382913864461155
408.6 0.3243415800059749
408.7 0.32485466721846795
408.8 0.32536840092281316
408.9 0.32588278176160884
409.0 0.32639781037650845
409.1 0.3267320786250292
409.2 0.3270666307822938
409.3 0.32740146704241146
409.4 0.3277365876014552
409.5 0.32807199265327636
409.6 0.3284076823941568
409.7 0.3287436570186201
409.8 0.32907991672175796
409.9 0.32941646169969996
410.0 0.32975329214726673
410.1 0.33004264782178516
410.2 0.3303321983939942
410.3 0.3306219439556632
410.4 0.3309118845995235
410.5 0.3312020204164759
410.6 0.3315803738980198
410.7 0.33195903025194207
410.8 0.33233798964068145
410.9 0.3327172522267236
411.0 0.33309681817207576
411.1 0.3332682376575031
411.2 0.3334396718630702
411.3 0.3336111207230441
411.4 0.3337825841711526
411.5 0.3339540621415251
411.6 0.3341255545682239
411.7 0.3342970613847708
411.8 0.33446858252461886
411.9 0.33464011792162424
412.0 0.3348116675095925
412.1 0.33505504623075993
412.2 0.3352985410721903
412.3 0.33554215205011984
412.4 0.33578587918076036
412.5 0.33602972247982676
412.6 0.3362736819639555
412.7 0.33651775764833963
412.8 0.33676194954862027
412.9 0.3370062576818337
413.0 0.33725068206263015
413.1 0.33751456056011186
413.2 0.33777860236745494
413.3 0.3380428075620325
413.4 0.33830717622219286
413.5 0.3385717084263118
413.6 0.33883640425279343
413.7 0.3391012637795936
413.8 0.3393662870846955
413.9 0.3396314742465849
414.0 0.33989682534331944
414.1 0.3402398884846772
414.2 0.3405832390717913
414.3 0.3409268772986537
414.4 0.34127080336126664
414.5 0.34161501745382655
414.6 0.3419595197715863
414.7 0.3423043105094233
414.8 0.3426493898627954
414.9 0.34299475802726365
415.0 0.34334041519802316
415.1 0.34372651506049656
415.2 0.3441129564431405
415.3 0.3444997395769344
415.4 0.3448868646939343
415.5 0.3452743320253503
415.6 0.3456621418029886
415.7 0.3460502942578065
415.8 0.34643878962232194
415.9 0.3468276281282047
416.0 0.3472168100077265
416.1 0.3476253870862037
416.2 0.34803434602704525
416.3 0.3484436871063725
416.4 0.34885341059948527
416.5 0.349263516783285
416.6 0.3496740059338516
416.7 0.3500848783274115
416.8 0.3504961342413119
416.9 0.3509077739515884
417.0 0.3513197977358774
417.1 0.3517024320159704
417.2 0.35208538874043205
417.3 0.35246866811405064
417.4 0.3528522703412201
417.5 0.35323619562740705
417.6 0.35362044417719274
417.7 0.35400501619525243
417.8 0.3543899118863535
417.9 0.3547751314563401
418.0 0.3551606751101714
418.1 0.3555599078594807
418.2 0.35595947273591066
418.3 0.3563593699414132
418.4 0.35675959967556237
418.5 0.3571601621404825
418.6 0.3575610575364099
418.7 0.35796228606415853
418.8 0.3583638479261117
418.9 0.3587657433222647
419.0 0.3591679724546903
419.1 0.35961752614399767
419.2 0.3600675131605876
419.3 0.3605179338234283
419.4 0.3609687884506673
419.5 0.36142007736211984
419.6 0.3618718008772799
419.7 0.3623239593143178
419.8 0.36277655299407513
419.9 0.3632295822360704
420.0 0.36368304736049667
420.1 0.364130643502429
420.2 0.3645786431789826
420.3 0.3650270466539316
420.4 0.3654758541916727
420.5 0.3659250660562201
420.6 0.36637468251170835
420.7 0.3668247038239045
420.8 0.3672751302561767
420.9 0.3677259620740306
421.0 0.36817719954204403
421.1 0.36848586508846237
421.2 0.3687947372216275
421.3 0.3691038160490941
421.4 0.3694131016764304
421.5 0.3697225942117785
421.6 0.3700322937618
421.7 0.37034220043268934
421.8 0.37065231433271
421.9 0.3709626355681364
422.0 0.3712731642462894
422.1 0.3715540488643886
422.2 0.3718350983632007
422.3 0.3721163128152534
422.4 0.37239769229258624
422.5 0.37267923686930016
422.6 0.37296094661748036
422.7 0.373242821610765
422.8 0.37352486192128365
422.9 0.3738070676222102
423.0 0.37408943878669587
423.1 0.37421407328363554
423.2 0.37433872216777675
423.3 0.37446338542934765
423.4 0.37458806305959547
423.5 0.37471275504927826
423.6 0.37493369693815704
423.7 0.3751547172097162
423.8 0.37537581586611934
423.9 0.3755969929090022
424.0 0.37581824834048866
424.1 0.3760071086803307
424.2 0.3761960125990051
424.3 0.37638496008162703
424.4 0.37657395111278125
424.5 0.37676298567600736
424.6 0.3769520637563662
424.7 0.3771411853383873
424.8 0.37733035040555457
424.9 0.37751955894236017
425.0 0.3776974209271443
425.1 0.37791481844645153
425.2 0.3781322990663612
425.3 0.37834986280364824
425.4 0.3785675096745733
425.5 0.37878523969590916
425.6 0.37900305288391345
425.7 0.37922094925587224
425.8 0.37943892882752545
425.9 0.3796569916161575
426.0 0.37987513763750363
426.1 0.38008716486962324
426.2 0.3802992736784434
426.3 0.3805114640854311
426.4 0.38072373610999305
426.5 0.38093608977205273
426.6 0.3811485250925682
426.7 0.38136104209146793
426.8 0.38157364078919853
426.9 0.3817863212056916
427.0 0.3819990833613908
427.1 0.3821870235166134
427.2 0.3823750078578891
427.3 0.38256303637634403
427.4 0.38275110906257703
427.5 0.3829392259076665
427.6 0.38303004762721166
427.7 0.3831208673275979
427.8 0.38321168500057345
427.9 0.38330250063944
428.0 0.3833933142359878
428.1 0.38363044963579646
428.2 0.38386760997094765
428.3 0.3841047952068682
428.4 0.38434200530948603
428.5 0.3845792402436452
428.6 0.38471900402810355
428.7 0.3848587711559514
428.8 0.38499854160541525
428.9 0.3851383153562679
429.0 0.3852780923867154
429.1 0.3854074073163018
429.2 0.3855367266505348
429.3 0.3856660503779785
