data/throughputs/total_comcam_r.ecsv
# %ECSV 1.0
# ---
# datatype:
# - {name: wavelength, unit: nm, datatype: float32}
# - {name: throughput, unit: '', datatype: float64}
# schema: astropy-2.0
wavelength throughput
[from data line 7099]
1009.9 7.697376347317254e-06
1010.0 7.721548259214198e-06
1010.1 7.74672488543767e-06
1010.2 7.77173847690086e-06
1010.3 7.796588343044855e-06
1010.4 7.821273236223164e-06
1010.5 7.845791343401037e-06
1010.6 7.86855324617279e-06
1010.7 7.891135411641945e-06
1010.8 7.91353432201047e-06
1010.9 7.93574588914147e-06
1011.0 7.95776544818811e-06
1011.1 7.953794329629257e-06
1011.2 7.94974137296236e-06
1011.3 7.945600267193645e-06
1011.4 7.941364189187809e-06
1011.5 7.93702580591127e-06
1011.6 7.930977311489086e-06
1011.7 7.924841613444123e-06
1011.8 7.918618864647788e-06
1011.9 7.912309209616838e-06
1012.0 7.905912784602375e-06
1012.1 7.900893049686617e-06
1012.2 7.895785418180224e-06
1012.3 7.89058994862186e-06
1012.4 7.885306691407255e-06
1012.5 7.879935688762779e-06
1012.6 7.876066498091044e-06
1012.7 7.872108040987769e-06
1012.8 7.868060305255667e-06
1012.9 7.863923286538333e-06
1013.0 7.859696988204296e-06
1013.1 7.79110405768718e-06
1013.2 7.722773191583897e-06
1013.3 7.65470445441212e-06
1013.4 7.586897915388716e-06
1013.5 7.519353648076873e-06
1013.6 7.452081890549956e-06
1013.7 7.385078010724294e-06
1013.8 7.318338378236261e-06
1013.9 7.251859725486729e-06
1014.0 7.185639135614315e-06
1014.1 7.119916259026564e-06
1014.2 7.054440569718238e-06
1014.3 6.989210171106163e-06
1014.4 6.924223470339142e-06
1014.5 6.859479166999344e-06
1014.6 6.794976241905008e-06
1014.7 6.730714714174632e-06
1014.8 6.666694295831855e-06
1014.9 6.6029149522739355e-06
1015.0 6.539376891013172e-06
1015.1 6.4524083329051026e-06
1015.2 6.365821088737669e-06
1015.3 6.279616198714454e-06
1015.4 6.193794890329365e-06
1015.5 6.10835856379647e-06
1015.6 6.023308777741414e-06
1015.7 5.938646896362648e-06
1015.8 5.8543746690789195e-06
1015.9 5.770493961537523e-06
1016.0 5.6870067424667025e-06
1016.1 5.603605097861108e-06
1016.2 5.520609268051443e-06
1016.3 5.438021396563637e-06
1016.4 5.355843678905762e-06
1016.5 5.2740783504124225e-06
1016.6 5.1927276743069415e-06
1016.7 5.111784301111766e-06
1016.8 5.031248182527947e-06
1016.9 4.9511192702582575e-06
1017.0 4.8713975159965555e-06
1017.1 4.788659442169582e-06
1017.2 4.706341615826677e-06
1017.3 4.624444067102413e-06
1017.4 4.542966826135079e-06
1017.5 4.461909923052405e-06
1017.6 4.381273387995077e-06
1017.7 4.301057251084326e-06
1017.8 4.221261542454167e-06
1017.9 4.141886292237304e-06
1018.0 4.062931530556204e-06
1018.1 3.98408805930289e-06
1018.2 3.905673215264365e-06
1018.3 3.827686969299318e-06
1018.4 3.750129292266181e-06
1018.5 3.6730001550219136e-06
1018.6 3.595574468038008e-06
1018.7 3.5186080174556904e-06
1018.8 3.4421005149939474e-06
1018.9 3.3660516723875174e-06
1019.0 3.2904612014306534e-06
1019.1 3.2394510594591568e-06
1019.2 3.1887104265045784e-06
1019.3 3.1382392866741364e-06
1019.4 3.0880376240712884e-06
1019.5 3.038105422800138e-06
1019.6 2.989045783544313e-06
1019.7 2.9402356370637623e-06
1019.8 2.891675130574583e-06
1019.9 2.8433644112857126e-06
1020.0 2.795303626385874e-06
1020.1 2.7469007206716022e-06
1020.2 2.6987655218768155e-06
1020.3 2.650898036865801e-06
1020.4 2.6032982725071358e-06
1020.5 2.5559662356573333e-06
1020.6 2.5089019331799834e-06
1020.7 2.462105371934837e-06
1020.8 2.415576558780555e-06
1020.9 2.36931550057715e-06
1021.0 2.3233222041865915e-06
1021.1 2.282493114672846e-06
1021.2 2.241898007897125e-06
1021.3 2.201536876387599e-06
1021.4 2.1614097126625067e-06
1021.5 2.121516509248545e-06
1021.6 2.0818572586649697e-06
1021.7 2.0424319534347688e-06
1021.8 2.003240586075976e-06
1021.9 1.9642831491101966e-06
1022.0 1.925559635056235e-06
1022.1 1.8870732645545706e-06
1022.2 1.8488202740948743e-06
1022.3 1.8108006618561896e-06
1022.4 1.7730144260052417e-06
1022.5 1.7354615647167788e-06
1022.6 1.6977997088091234e-06
1022.7 1.660386177882968e-06
1022.8 1.6232208289596283e-06
1022.9 1.5863035190558687e-06
1023.0 1.549634105213496e-06
1023.1 1.5249620142582774e-06
1023.2 1.5004346077319304e-06
1023.3 1.4760518840597663e-06
1023.4 1.4518138416664603e-06
1023.5 1.4277204789726313e-06
1023.6 1.4034904035691022e-06
1023.7 1.3794157559997775e-06
1023.8 1.3554957704005586e-06
1023.9 1.3317297695314295e-06
1024.0 1.3081171601104527e-06
1024.1 1.285151245039308e-06
1024.2 1.2623197277139258e-06
1024.3 1.2396224083069058e-06
1024.4 1.217059152748897e-06
1024.5 1.1946298885771701e-06
1024.6 1.1723346492392593e-06
1024.7 1.1501734536077726e-06
1024.8 1.12814637259548e-06
1024.9 1.1062535251369809e-06
1025.0 1.0844950742634498e-06
1025.1 1.0710576770496083e-06
1025.2 1.0582103303806406e-06
1025.3 1.0454103209146183e-06
1025.4 1.0326578143168009e-06
1025.5 1.0199530069598566e-06
1025.6 1.0072960405769043e-06
1025.7 9.946871989960503e-07
1025.8 9.821267868735174e-07
1025.9 9.696151277600585e-07
1026.0 9.571525621926843e-07
1026.1 9.447421213734365e-07
1026.2 9.323813844333452e-07
1026.3 9.200707324145791e-07
1026.4 9.078105559602389e-07
1026.5 8.956012535273625e-07
1026.6 8.83443302612069e-07
1026.7 8.713354417348397e-07
1026.8 8.592776487848511e-07
1026.9 8.472699032086066e-07
1027.0 8.353121859558541e-07
1027.1 8.293528716412435e-07
1027.2 8.234134198085225e-07
1027.3 8.174938190600479e-07
1027.4 8.115940590357579e-07
1027.5 8.057141303816379e-07
1027.6 7.99853991699424e-07
1027.7 7.940136026920837e-07
1027.8 7.881929558864728e-07
1027.9 7.823920431644864e-07
1028.0 7.766108557877254e-07
1028.1 7.708170971074608e-07
1028.2 7.650431911475683e-07
1028.3 7.592891276398604e-07
1028.4 7.53554895805897e-07
1028.5 7.478404843868216e-07
1028.6 7.421438574323417e-07
1028.7 7.364658506756078e-07
1028.8 7.308071665424344e-07
1028.9 7.251684384695954e-07
1029.0 7.195502329358324e-07
1029.1 7.13678243618313e-07
1029.2 7.078290594714128e-07
1029.3 7.020030567679096e-07
1029.4 6.962005522451113e-07
1029.5 6.904218051486972e-07
1029.6 6.848050286835915e-07
1029.7 6.79209957847076e-07
1029.8 6.736366950674357e-07
1029.9 6.680852916526785e-07
1030.0 6.625557497584197e-07
1030.1 6.568798573164066e-07
1030.2 6.512283812674783e-07
1030.3 6.456011710504338e-07
1030.4 6.399980347763018e-07
1030.5 6.344187411355344e-07
1030.6 6.288630732475016e-07
1030.7 6.233307423854608e-07
1030.8 6.178214017637457e-07
1030.9 6.123346746926167e-07
1031.0 6.068701562959513e-07
1031.1 6.081772347598954e-07
1031.2 6.094681844550456e-07
1031.3 6.107425245023742e-07
1031.4 6.119997294977004e-07
1031.5 6.132392292376919e-07
1031.6 6.14460357697431e-07
1031.7 6.156647924693353e-07
1031.8 6.168525413423316e-07
1031.9 6.180236115531958e-07
1032.0 6.191780097804096e-07
1032.1 6.203567662104476e-07
1032.2 6.21518863605116e-07
1032.3 6.226643048895673e-07
1032.4 6.23793092401064e-07
1032.5 6.249052278799927e-07
1032.6 6.260007383072501e-07
1032.7 6.270796508688784e-07
1032.8 6.281419676573802e-07
1032.9 6.291876914296574e-07
1033.0 6.30216825602456e-07
1033.1 6.287705860842502e-07
1033.2 6.273220036141807e-07
1033.3 6.258710851705447e-07
1033.4 6.244178383000806e-07
1033.5 6.229622711037947e-07
1033.6 6.215052396167448e-07
1033.7 6.200463743381277e-07
1033.8 6.185853804285502e-07
1033.9 6.171219858957006e-07
1034.0 6.156559413677143e-07
1034.1 6.141782519354156e-07
1034.2 6.126975701258375e-07
1034.3 6.112137127539033e-07
1034.4 6.097265183420984e-07
1034.5 6.082358468812812e-07
1034.6 6.067415795997835e-07
1034.7 6.052436877967344e-07
1034.8 6.03742114206578e-07
1034.9 6.022368231016787e-07
1035.0 6.007278000408096e-07
1035.1 6.013265823957398e-07
1035.2 6.019083775376332e-07
1035.3 6.024732190912335e-07
1035.4 6.030211619097132e-07
1035.5 6.035522821536059e-07
1035.6 6.040666773687341e-07
1035.7 6.045644320678939e-07
1035.8 6.050456765146807e-07
1035.9 6.05510561881691e-07
1036.0 6.059592602912342e-07
1036.1 6.063574242470464e-07
1036.2 6.06740009577982e-07
1036.3 6.07107251636742e-07
1036.4 6.074594067528477e-07
1036.5 6.0779675223038e-07
1036.6 6.081195863376006e-07
1036.7 6.084270822219239e-07
1036.8 6.087192411284661e-07
1036.9 6.089960643042224e-07
1037.0 6.09257552998983e-07
1037.1 6.111696430343646e-07
1037.2 6.13055288103846e-07
1037.3 6.149144892307177e-07
1037.4 6.167472474377041e-07
1037.5 6.185535637495019e-07
1037.6 6.203334391883302e-07
1037.7 6.220868747790449e-07
1037.8 6.23813871545297e-07
1037.9 6.255144305095088e-07
1038.0 6.271885526974219e-07
1038.1 6.2884905819737e-07
1038.2 6.304830705865578e-07
1038.3 6.32090590573184e-07
1038.4 6.33671618863582e-07
1038.5 6.35226156166795e-07
1038.6 6.367542031899988e-07
1038.7 6.38255760641106e-07
1038.8 6.397308292294444e-07
1038.9 6.411794096618022e-07
1039.0 6.426015026451099e-07
1039.1 6.428524329221472e-07
1039.2 6.430848793381024e-07
1039.3 6.432988447371788e-07
1039.4 6.434943319660555e-07
1039.5 6.436713438699019e-07
1039.6 6.438298832930398e-07
1039.7 6.439699530816059e-07
1039.8 6.44091556078895e-07
1039.9 6.441946951300153e-07
1040.0 6.44279373079942e-07
1040.1 6.443744331926571e-07
1040.2 6.444509065508147e-07
1040.3 6.445087950628401e-07
1040.4 6.445481006364462e-07
1040.5 6.445688251786285e-07
1040.6 6.445709705983307e-07
1040.7 6.445545388017847e-07
1040.8 6.445195316978351e-07
1040.9 6.444659511932805e-07
1041.0 6.443937991962997e-07
1041.1 6.443622287827235e-07
1041.2 6.443117096920706e-07
1041.3 6.442422429508438e-07
1041.4 6.44153829585579e-07
1041.5 6.440464706228465e-07
1041.6 6.439201670899174e-07
1041.7 6.437749200127652e-07
1041.8 6.436107304180624e-07
1041.9 6.434275993331814e-07
1042.0 6.43225527784132e-07
1042.1 6.429644069279775e-07
1042.2 6.426844257462236e-07
1042.3 6.423855882374038e-07
1042.4 6.420678984016524e-07
1042.5 6.41731360237382e-07
1042.6 6.413759777419524e-07
1042.7 6.410017549129953e-07
1042.8 6.406086957484156e-07
1042.9 6.401968042457211e-07
1043.0 6.397660843973382e-07
1043.1 6.377206369242031e-07
1043.2 6.356699867267007e-07
1043.3 6.336141343015226e-07
1043.4 6.315530801466645e-07
1043.5 6.294868247588135e-07
1043.6 6.274162239410351e-07
1043.7 6.253409652444367e-07
1043.8 6.232607611585621e-07
1043.9 6.211753487859048e-07
1044.0 6.190844895114139e-07
1044.1 6.169678126895864e-07
1044.2 6.148454662774897e-07
1044.3 6.127172825120398e-07
1044.4 6.105831166014975e-07
1044.5 6.084428463795012e-07
1044.6 6.061742829081745e-07
1044.7 6.039003202969206e-07
1044.8 6.016208975668215e-07
1044.9 5.993359757269708e-07
1045.0 5.97045537386852e-07
1045.1 5.94594174497406e-07
1045.2 5.92138960920451e-07
1045.3 5.896799397560739e-07
1045.4 5.872171740499372e-07
1045.5 5.847507463684783e-07
1045.6 5.822807102728291e-07
1045.7 5.798072037961e-07
1045.8 5.773303817324582e-07
1045.9 5.748504152326796e-07
1046.0 5.723674913895348e-07
1046.1 5.699101382544642e-07
1046.2 5.674500228169443e-07
1046.3 5.649873768690632e-07
1046.4 5.625224465423693e-07
1046.5 5.600554919005797e-07
1046.6 5.575868325885335e-07
1046.7 5.551156924576482e-07
1046.8 5.52642063027762e-07
1046.9 5.501659365123973e-07
1047.0 5.476873058038369e-07
1047.1 5.446167185286013e-07
1047.2 5.415495788671809e-07
1047.3 5.384858808636713e-07
1047.4 5.354256192115343e-07
1047.5 5.323687892417181e-07
1047.6 5.293153650543789e-07
1047.7 5.26265321320617e-07
1047.8 5.232186543501175e-07
1047.9 5.201753600037671e-07
1048.0 5.171354337077814e-07
1048.1 5.141079926993683e-07
1048.2 5.110837911840979e-07
1048.3 5.08062823724864e-07
1048.4 5.050450845087099e-07
1048.5 5.02030567363695e-07
1048.6 4.989179766405861e-07
1048.7 4.958094379468919e-07
1048.8 4.927051892336709e-07
1048.9 4.896054466594065e-07
1049.0 4.865104051189976e-07
1049.1 4.856308739782226e-07
1049.2 4.847315678570323e-07
1049.3 4.838126325281681e-07
1049.4 4.828741967528721e-07
1049.5 4.819163723756246e-07
1049.6 4.809392544287337e-07
1049.7 4.799428664440494e-07
1049.8 4.789272544433562e-07
1049.9 4.778924471847679e-07
1050.0 4.768384563232372e-07
1050.1 4.767514461124227e-07
1050.2 4.768199290204915e-07
1050.3 4.768777629885209e-07
1050.4 4.769249043648343e-07
1050.5 4.769612928135583e-07
1050.6 4.769868513208149e-07
1050.7 4.770015134223324e-07
1050.8 4.770051767953222e-07
1050.9 4.769977229730382e-07
1051.0 4.769790173703592e-07
1051.1 4.7446712648299035e-07
1051.2 4.7196129996032826e-07
1051.3 4.694613536895063e-07
1051.4 4.669670917370865e-07
1051.5 4.644783067461225e-07
1051.6 4.6199478032939597e-07
1051.7 4.5951714952192525e-07
1051.8 4.5704541441960283e-07
1051.9 4.545795751197218e-07
1052.0 4.5211963171749476e-07
1052.1 4.4957493071776715e-07
1052.2 4.4703709842997867e-07
1052.3 4.4450613155343814e-07
1052.4 4.419820267858243e-07
1052.5 4.39464780826546e-07
1052.6 4.3704268182230317e-07
1052.7 4.3462645876982524e-07
1052.8 4.3221611192638513e-07
1052.9 4.2981164155146777e-07
1053.0 4.2741304790379313e-07
1053.1 4.251208772447249e-07
1053.2 4.228339297992491e-07
1053.3 4.2055220457657013e-07
1053.4 4.182757005859816e-07
1053.5 4.1600441683730943e-07
1053.6 4.137383523396021e-07
1053.7 4.114775061024233e-07
1053.8 4.092218771358509e-07
1053.9 4.0697146445005324e-07
1054.0 4.0472626705356325e-07
1054.1 4.0246316066087956e-07
1054.2 4.0020553129236533e-07
1054.3 3.979533770408811e-07
1054.4 3.9570669599941827e-07
1054.5 3.9346548625956845e-07
1054.6 3.91308878141657e-07
1054.7 3.8915686712753737e-07
1054.8 3.870094540961822e-07
1054.9 3.8486663992737007e-07
1055.0 3.8272842549930294e-07
1055.1 3.8083080516583186e-07
1055.2 3.789359557400347e-07
1055.3 3.770438767837821e-07
1055.4 3.7515456785857966e-07
1055.5 3.732680285258429e-07
1055.6 3.713091553635008e-07
1055.7 3.6935381168566016e-07
1055.8 3.6740199537517874e-07
1055.9 3.654537043145384e-07
1056.0 3.635089363871207e-07
1056.1 3.6164613978227996e-07
1056.2 3.597860417000047e-07
1056.3 3.579286419666078e-07
1056.4 3.560739404080288e-07
1056.5 3.5422193685044727e-07
1056.6 3.523013006288703e-07
1056.7 3.5038410967614847e-07
1056.8 3.484703621803322e-07
1056.9 3.465600563296033e-07
1057.0 3.446531903141926e-07
1057.1 3.4344134897990285e-07
1057.2 3.422266329304336e-07
1057.3 3.410090420666398e-07
1057.4 3.397885762886877e-07
1057.5 3.385652354980655e-07
1057.6 3.3727066315799046e-07
1057.7 3.359737137193618e-07
1057.8 3.346743888302407e-07
1057.9 3.3337269014053626e-07
1058.0 3.32068619298973e-07
1058.1 3.3082758514796907e-07
1058.2 3.2958364994169726e-07
1058.3 3.283368142081142e-07
1058.4 3.2708707847376277e-07
1058.5 3.2583444326650353e-07
1058.6 3.2457890911279294e-07
1058.7 3.233204765404053e-07
1058.8 3.22059146076393e-07
1058.9 3.2079491824742484e-07
1059.0 3.195277935790019e-07
1059.1 3.1741445253667196e-07
1059.2 3.1530674038262793e-07
1059.3 3.1320465404095846e-07
1059.4 3.1110819043487337e-07
1059.5 3.090173464884604e-07
1059.6 3.069944530242814e-07
1059.7 3.049763535347164e-07
1059.8 3.0296304786421855e-07
1059.9 3.009545358562819e-07
1060.0 2.989508173556444e-07
1060.1 2.9695350655957414e-07
1060.2 2.949609759240333e-07
1060.3 2.9297322523645296e-07
1060.4 2.909902542839392e-07
1060.5 2.8901206285317206e-07
1060.6 2.8698036877247716e-07
1060.7 2.849542532328301e-07
1060.8 2.829337131105063e-07
1060.9 2.809187452816324e-07
1061.0 2.789093466257229e-07
1061.1 2.7859333905009554e-07
1061.2 2.7826418133383896e-07
1061.3 2.7792187583695163e-07
1061.4 2.7756642491952633e-07
1061.5 2.7719783094088386e-07
1061.6 2.76816096260441e-07
1061.7 2.764212232377066e-07
1061.8 2.7601321423170566e-07
1061.9 2.7559207160127046e-07
1062.0 2.751577977049276e-07
1062.1 2.746460829837343e-07
1062.2 2.741217070327883e-07
1062.3 2.7358467695756716e-07
1062.4 2.7303499986393976e-07
1062.5 2.724726828585456e-07
1062.6 2.719530642924531e-07
1062.7 2.7142060336240405e-07
1062.8 2.7087529933764146e-07
1062.9 2.703171514880543e-07
1063.0 2.6974615908353797e-07
1063.1 2.692815306906848e-07
1063.2 2.6880246959711453e-07
1063.3 2.683089774735093e-07
1063.4 2.6780105599132895e-07
1063.5 2.6727870682104e-07
1063.6 2.666876606404317e-07
1063.7 2.6608241440651624e-07
1063.8 2.6546297859258155e-07
1063.9 2.648293636716086e-07
1064.0 2.6418158011491483e-07
1064.1 2.6354148011828604e-07
1064.2 2.6288727982167e-07
1064.3 2.62218983139921e-07
1064.4 2.615365939879008e-07
1064.5 2.608401162793802e-07
1064.6 2.6012955392840693e-07
1064.7 2.594049108474016e-07
