data/throughputs/total_comcam_u.ecsv
# %ECSV 1.0
# ---
# datatype:
# - {name: wavelength, unit: nm, datatype: float32}
# - {name: throughput, unit: '', datatype: float64}
# schema: astropy-2.0
wavelength throughput
[from data line 7112]
1011.2 1.684966929685972e-05
1011.3 1.680591275369185e-05
1011.4 1.6762137141303725e-05
1011.5 1.6718327131931988e-05
1011.6 1.6671103292321304e-05
1011.7 1.6623891082321276e-05
1011.8 1.6576690750229105e-05
1011.9 1.6529502524850864e-05
1012.0 1.6482326615887005e-05
1012.1 1.6438447157740632e-05
1012.2 1.6394562858234545e-05
1012.3 1.6350673868015046e-05
1012.4 1.6306780319673883e-05
1012.5 1.626288232787537e-05
1012.6 1.6222253914575226e-05
1012.7 1.618160486132605e-05
1012.8 1.6140935266955568e-05
1012.9 1.610024524555547e-05
1013.0 1.60595349262994e-05
1013.1 1.6014766971423905e-05
1013.2 1.5970001223498466e-05
1013.3 1.592523785690119e-05
1013.4 1.5880477060102156e-05
1013.5 1.583571903535283e-05
1013.6 1.5790985528531623e-05
1013.7 1.574626712039057e-05
1013.8 1.5701556305242646e-05
1013.9 1.5656846171664733e-05
1014.0 1.56121303951862e-05
1014.1 1.556820519463864e-05
1014.2 1.5524258869207214e-05
1014.3 1.5480286807886876e-05
1014.4 1.5436284956600636e-05
1014.5 1.539224981111072e-05
1014.6 1.5348178409877762e-05
1014.7 1.5304070073482035e-05
1014.8 1.525992340138701e-05
1014.9 1.521573753919487e-05
1015.0 1.5171512171133894e-05
1015.1 1.5127216559679717e-05
1015.2 1.508288257683275e-05
1015.3 1.5038511476724088e-05
1015.4 1.4994105021373004e-05
1015.5 1.4949665472914742e-05
1015.6 1.4905195585957802e-05
1015.7 1.48606977522982e-05
1015.8 1.4816175447284009e-05
1015.9 1.4771632603464031e-05
1016.0 1.4727073603103255e-05
1016.1 1.468180652911794e-05
1016.2 1.463653764292503e-05
1016.3 1.4591272630524941e-05
1016.4 1.4546017596447988e-05
1016.5 1.4500779056166983e-05
1016.6 1.4455563928547122e-05
1016.7 1.4410352384115254e-05
1016.8 1.4365144422776009e-05
1016.9 1.4319940044434026e-05
1017.0 1.4274739248980668e-05
1017.1 1.4230447544426407e-05
1017.2 1.4186153727247158e-05
1017.3 1.4141857797494884e-05
1017.4 1.4097559755236136e-05
1017.5 1.4053259600508197e-05
1017.6 1.400895733339205e-05
1017.7 1.3964652953910495e-05
1017.8 1.3920346462129935e-05
1017.9 1.387603785811659e-05
1018.0 1.3831727141906829e-05
1018.1 1.3786773638949762e-05
1018.2 1.3741822176537743e-05
1018.3 1.3696872754684341e-05
1018.4 1.3651925373403145e-05
1018.5 1.3606980032703236e-05
1018.6 1.3559302451007592e-05
1018.7 1.3511645031395563e-05
1018.8 1.3464007772670323e-05
1018.9 1.3416390673606977e-05
1019.0 1.3368793732971276e-05
1019.1 1.3323946281925359e-05
1019.2 1.3279100597883327e-05
1019.3 1.3234256680888418e-05
1019.4 1.3189414530970022e-05
1019.5 1.3144574148161856e-05
1019.6 1.3102379273259223e-05
1019.7 1.3060168067906889e-05
1019.8 1.3017940533194525e-05
1019.9 1.2975696670238812e-05
1020.0 1.2933436480125777e-05
1020.1 1.2888925637244109e-05
1020.2 1.2844414036038423e-05
1020.3 1.2799901676599952e-05
1020.4 1.2755388559046342e-05
1020.5 1.2710874683442277e-05
1020.6 1.2666360049892113e-05
1020.7 1.2621844658486946e-05
1020.8 1.2577328509317913e-05
1020.9 1.2532811602489109e-05
1021.0 1.2488293938078192e-05
1021.1 1.244353705391836e-05
1021.2 1.2398781125288863e-05
1021.3 1.2354026152277845e-05
1021.4 1.2309272134922117e-05
1021.5 1.2264519073309625e-05
1021.6 1.2219766967490014e-05
1021.7 1.217501581753829e-05
1021.8 1.2130265623504189e-05
1021.9 1.2085516385462628e-05
1022.0 1.2040768103476022e-05
1022.1 1.1996117557426159e-05
1022.2 1.1951467245957538e-05
1022.3 1.1906817169188042e-05
1022.4 1.186216732716136e-05
1022.5 1.1817517719978935e-05
1022.6 1.1770494785566315e-05
1022.7 1.1723490089835457e-05
1022.8 1.1676503632745667e-05
1022.9 1.1629535414219754e-05
1023.0 1.1582585434220504e-05
1023.1 1.153797043398246e-05
1023.2 1.149335576004662e-05
1023.3 1.144874141250698e-05
1023.4 1.140412739145733e-05
1023.5 1.1359513696964021e-05
1023.6 1.1312632218848926e-05
1023.7 1.1265778819775957e-05
1023.8 1.1218948291126515e-05
1023.9 1.1172135884440887e-05
1024.0 1.1125337303454318e-05
1024.1 1.1082902818855833e-05
1024.2 1.1040439824232205e-05
1024.3 1.0997945315899569e-05
1024.4 1.0955416706677037e-05
1024.5 1.0912851818820761e-05
1024.6 1.0870249325609266e-05
1024.7 1.0827607682080955e-05
1024.8 1.0784925744945784e-05
1024.9 1.0742202765198578e-05
1025.0 1.0699438380825319e-05
1025.1 1.0668340809401356e-05
1025.2 1.0642574411783347e-05
1025.3 1.0616784193512052e-05
1025.4 1.0590971147051414e-05
1025.5 1.0565136622591486e-05
1025.6 1.0539281453111033e-05
1025.7 1.051340800742368e-05
1025.8 1.0487518974301457e-05
1025.9 1.0461617358253201e-05
1026.0 1.0435706475313684e-05
1026.1 1.0409842370587948e-05
1026.2 1.038397628755278e-05
1026.3 1.0358112451532664e-05
1026.4 1.0332255382620149e-05
1026.5 1.0306409891467169e-05
1026.6 1.0280581924430221e-05
1026.7 1.025475723177763e-05
1026.8 1.022893566306073e-05
1026.9 1.0203117079596976e-05
1027.0 1.0177301354381281e-05
1027.1 1.0151334615858678e-05
1027.2 1.0125371300375002e-05
1027.3 1.0099411314963693e-05
1027.4 1.0073454577796042e-05
1027.5 1.0047501018049638e-05
1027.6 1.0021550162073987e-05
1027.7 9.995601541087842e-06
1027.8 9.96965509254703e-06
1027.9 9.943710744511098e-06
1028.0 9.917768415733013e-06
1028.1 9.891857968924873e-06
1028.2 9.865949194568563e-06
1028.3 9.840041984340547e-06
1028.4 9.8141362211241e-06
1028.5 9.78823177918102e-06
1028.6 9.762301897077626e-06
1028.7 9.736357239502384e-06
1028.8 9.710406915588303e-06
1028.9 9.684459298336262e-06
1029.0 9.658522033079677e-06
1029.1 9.63276730326759e-06
1029.2 9.607035181070518e-06
1029.3 9.581331181971147e-06
1029.4 9.555660128574656e-06
1029.5 9.530026159194846e-06
1029.6 9.506348560177239e-06
1029.7 9.482702668207003e-06
1029.8 9.459090469725502e-06
1029.9 9.435513275246089e-06
1030.0 9.411971727606472e-06
1030.1 9.386290898531262e-06
1030.2 9.36065678810482e-06
1030.3 9.335068054443275e-06
1030.4 9.309522722326241e-06
1030.5 9.284018192009671e-06
1030.6 9.258552013089051e-06
1030.7 9.233120611103593e-06
1030.8 9.20771945849592e-06
1030.9 9.18234346736278e-06
1031.0 9.15698699778155e-06
1031.1 9.131653199725655e-06
1031.2 9.106325968953128e-06
1031.3 9.080998059585757e-06
1031.4 9.055661707152436e-06
1031.5 9.030308637040409e-06
1031.6 9.004929328983717e-06
1031.7 8.979548626291928e-06
1031.8 8.954166661887932e-06
1031.9 8.928783558205839e-06
1032.0 8.90339942734869e-06
1032.1 8.878372788919172e-06
1032.2 8.853343279929086e-06
1032.3 8.82831098199827e-06
1032.4 8.803275966935046e-06
1032.5 8.77823829683639e-06
1032.6 8.753198385588507e-06
1032.7 8.728156642356585e-06
1032.8 8.703113121170557e-06
1032.9 8.678067884243812e-06
1033.0 8.653021001781785e-06
1033.1 8.627537045171367e-06
1033.2 8.602054158452969e-06
1033.3 8.576572435163871e-06
1033.4 8.551091976382506e-06
1033.5 8.52561289050998e-06
1033.6 8.500146882613773e-06
1033.7 8.474688876947928e-06
1033.8 8.449234830736501e-06
1033.9 8.423781023553703e-06
1034.0 8.398324053188824e-06
1034.1 8.373266383932581e-06
1034.2 8.348197236312549e-06
1034.3 8.323114135948956e-06
1034.4 8.298014909667631e-06
1034.5 8.272897681367885e-06
1034.6 8.24776086801758e-06
1034.7 8.222604113941751e-06
1034.8 8.197426676451532e-06
1034.9 8.172228106852516e-06
1035.0 8.14700824613017e-06
1035.1 8.12151318984017e-06
1035.2 8.095998966103304e-06
1035.3 8.070466260430028e-06
1035.4 8.044916030374932e-06
1035.5 8.01934950106973e-06
1035.6 7.993768160850918e-06
1035.7 7.96817330233166e-06
1035.8 7.942566797990817e-06
1035.9 7.916950763801081e-06
1036.0 7.891327554920776e-06
1036.1 7.86565983617788e-06
1036.2 7.839990613487323e-06
1036.3 7.81432293366077e-06
1036.4 7.788660065402442e-06
1036.5 7.763005495011969e-06
1036.6 7.737362922082996e-06
1036.7 7.711721728976612e-06
1036.8 7.686081915671533e-06
1036.9 7.660443482170286e-06
1037.0 7.634806428475475e-06
1037.1 7.609278539669835e-06
1037.2 7.5837513062823e-06
1037.3 7.558224728347236e-06
1037.4 7.532698805891216e-06
1037.5 7.507173538964306e-06
1037.6 7.481648927585428e-06
1037.7 7.4561249718044235e-06
1037.8 7.43060167165556e-06
1037.9 7.405079027157917e-06
1038.0 7.37955703836896e-06
1038.1 7.354065215353356e-06
1038.2 7.328573843090574e-06
1038.3 7.303082921632512e-06
1038.4 7.277592451008405e-06
1038.5 7.2521024312775376e-06
1038.6 7.226612862476598e-06
1038.7 7.20112374464992e-06
1038.8 7.175635077856673e-06
1038.9 7.150146862126145e-06
1039.0 7.124659097509415e-06
1039.1 7.098870688271628e-06
1039.2 7.073084902483359e-06
1039.3 7.047301740005056e-06
1039.4 7.021521200726389e-06
1039.5 6.995743284522482e-06
1039.6 6.9699679912612595e-06
1039.7 6.944195320832146e-06
1039.8 6.918425273095776e-06
1039.9 6.892657847934466e-06
1040.0 6.866893045230621e-06
1040.1 6.841248218364354e-06
1040.2 6.815605133790855e-06
1040.3 6.7899637914836235e-06
1040.4 6.764324191409087e-06
1040.5 6.738686333526567e-06
1040.6 6.713050217816295e-06
1040.7 6.687415844230783e-06
1040.8 6.661783212750264e-06
1040.9 6.636152323334089e-06
1041.0 6.610523175955532e-06
1041.1 6.585002286885243e-06
1041.2 6.559482313114117e-06
1041.3 6.5339632546652465e-06
1041.4 6.508445111561719e-06
1041.5 6.4829278838267345e-06
1041.6 6.457411571490163e-06
1041.7 6.431896174568363e-06
1041.8 6.4063816930844074e-06
1041.9 6.380868127068078e-06
1042.0 6.355355476535355e-06
1042.1 6.329511202024052e-06
1042.2 6.3036705351655296e-06
1042.3 6.2778334756900445e-06
1042.4 6.252000023347354e-06
1042.5 6.226170177874013e-06
1042.6 6.200343939000193e-06
1042.7 6.1745213064626535e-06
1042.8 6.148702280004535e-06
1042.9 6.122886859368736e-06
1043.0 6.097075044279584e-06
1043.1 6.071506040111632e-06
1043.2 6.0459386220813005e-06
1043.3 6.020372790160626e-06
1043.4 5.994808544334129e-06
1043.5 5.96924588457402e-06
1043.6 5.943692913413982e-06
1043.7 5.918146644994904e-06
1043.8 5.892604341094033e-06
1043.9 5.867063506822785e-06
1044.0 5.841521886303227e-06
1044.1 5.816006756050502e-06
1044.2 5.79048677060613e-06
1044.3 5.764960365355265e-06
1044.4 5.739426197553357e-06
1044.5 5.713883142024933e-06
1044.6 5.687184835787084e-06
1044.7 5.660486472540722e-06
1044.8 5.633787481419804e-06
1044.9 5.607087499424751e-06
1045.0 5.580386366822432e-06
1045.1 5.554618847184718e-06
1045.2 5.528841838654863e-06
1045.3 5.503055758065992e-06
1045.4 5.477261207437986e-06
1045.5 5.45145896954244e-06
1045.6 5.42564955527696e-06
1045.7 5.399834261192986e-06
1045.8 5.374014537205222e-06
1045.9 5.348191982436438e-06
1046.0 5.322368340980792e-06
1046.1 5.297005681274515e-06
1046.2 5.27164139291808e-06
1046.3 5.2462776305666e-06
1046.4 5.220916677883848e-06
1046.5 5.1955609434586965e-06
1046.6 5.17021338378879e-06
1046.7 5.144866793860835e-06
1046.8 5.1195210937425294e-06
1046.9 5.094176210075616e-06
1047.0 5.068832075931002e-06
1047.1 5.043167657759509e-06
1047.2 5.01750712363047e-06
1047.3 4.991850424704712e-06
1047.4 4.966197518059177e-06
1047.5 4.940548366592861e-06
1047.6 4.914902735987148e-06
1047.7 4.8892603967140215e-06
1047.8 4.863621319885157e-06
1047.9 4.8379854723746765e-06
1048.0 4.812352816939146e-06
1048.1 4.786897389173685e-06
1048.2 4.761443209157913e-06
1048.3 4.735990228337443e-06
1048.4 4.710538394541849e-06
1048.5 4.685087652131782e-06
1048.6 4.658692145601713e-06
1048.7 4.6323044102975095e-06
1048.8 4.605926683937378e-06
1048.9 4.57956100550815e-06
1049.0 4.553209219615165e-06
1049.1 4.527942359817255e-06
1049.2 4.5026805121402735e-06
1049.3 4.477424969692601e-06
1049.4 4.452176849562249e-06
1049.5 4.426937096937256e-06
1049.6 4.4017064892251454e-06
1049.7 4.376485140438543e-06
1049.8 4.351273367255774e-06
1049.9 4.326071325468015e-06
1050.0 4.300879014343659e-06
1050.1 4.2845204686624775e-06
1050.2 4.2696723469461335e-06
1050.3 4.254835990556605e-06
1050.4 4.240010884958651e-06
1050.5 4.225196375166361e-06
1050.6 4.210391668296015e-06
1050.7 4.195596075498011e-06
1050.8 4.1808086033660485e-06
1050.9 4.1660281314809446e-06
1051.0 4.151253414898157e-06
1051.1 4.136700406152083e-06
1051.2 4.122148758552916e-06
1051.3 4.107596868440471e-06
1051.4 4.0930430171315655e-06
1051.5 4.078485373381378e-06
1051.6 4.063921995837563e-06
1051.7 4.0493584674109685e-06
1051.8 4.034794788136966e-06
1051.9 4.020230958063533e-06
1052.0 4.005666977220625e-06
1052.1 3.9903336474105614e-06
1052.2 3.975005765781914e-06
1052.3 3.9596833326339394e-06
1052.4 3.944366348253528e-06
1052.5 3.929054812945163e-06
1052.6 3.914539543052771e-06
1052.7 3.900023857891888e-06
1052.8 3.885507757490622e-06
1052.9 3.870991241897246e-06
1053.0 3.856474311151394e-06
1053.1 3.841650421068284e-06
1053.2 3.826828456362059e-06
1053.3 3.812008416900128e-06
1053.4 3.797190302549893e-06
1053.5 3.7823741131827554e-06
1053.6 3.7675598486622457e-06
1053.7 3.752747508855778e-06
1053.8 3.737937093634645e-06
1053.9 3.7231286028701444e-06
1054.0 3.7083220364176745e-06
1054.1 3.693237413505515e-06
1054.2 3.678156823092649e-06
1054.3 3.6630802662205194e-06
1054.4 3.6480077439381892e-06
1054.5 3.6329392572882936e-06
1054.6 3.6186065781010734e-06
1054.7 3.604272139079669e-06
1054.8 3.5899359401989825e-06
1054.9 3.575597981441273e-06
1055.0 3.5612582627695253e-06
1055.1 3.546505048950178e-06
1055.2 3.5317534600310213e-06
1055.3 3.517003495926658e-06
1055.4 3.5022551565480035e-06
1055.5 3.4875084418048254e-06
1055.6 3.472061073890761e-06
1055.7 3.456621293411407e-06
1055.8 3.4411890992984577e-06
1055.9 3.425764490476545e-06
1056.0 3.4103474658753e-06
1056.1 3.395738401716479e-06
1056.2 3.38112998496878e-06
1056.3 3.3665222156426745e-06
1056.4 3.3519150937451536e-06
1056.5 3.3373086192855054e-06
1056.6 3.322030180380808e-06
1056.7 3.3067583019692417e-06
1056.8 3.2914929836671577e-06
1056.9 3.2762342250908528e-06
1057.0 3.260982025864723e-06
1057.1 3.24650573769572e-06
1057.2 3.2320290966689487e-06
1057.3 3.2175521028277596e-06
1057.4 3.203074756208849e-06
1057.5 3.1885970568612442e-06
1057.6 3.1734758196188747e-06
1057.7 3.15836009737938e-06
1057.8 3.143249890393053e-06
1057.9 3.1281451989266193e-06
1058.0 3.1130460232343646e-06
1058.1 3.098361837016237e-06
1058.2 3.0836793594792207e-06
1058.3 3.068998590527254e-06
1058.4 3.05431953005145e-06
1058.5 3.039642177955628e-06
1058.6 3.024966534130896e-06
1058.7 3.010292598481074e-06
1058.8 2.99562037090364e-06
1058.9 2.980949851292897e-06
1059.0 2.9662810395455017e-06
1059.1 2.9511552357609796e-06
1059.2 2.9360356486838796e-06
1059.3 2.9209222781529542e-06
1059.4 2.9058151239977604e-06
1059.5 2.8907141860550014e-06
1059.6 2.876203464858118e-06
1059.7 2.8616930669925177e-06
1059.8 2.847182992491403e-06
1059.9 2.8326732413791377e-06
1060.0 2.818163813691914e-06
1060.1 2.803643480842201e-06
1060.2 2.7891235879949607e-06
1060.3 2.7746041351747335e-06
1060.4 2.760085122403129e-06
1060.5 2.7455665496978617e-06
1060.6 2.7304938894906554e-06
1060.7 2.7154275649052892e-06
1060.8 2.7003675756973705e-06
1060.9 2.685313921619581e-06
1061.0 2.670266602428109e-06
1061.1 2.655647332354665e-06
1061.2 2.6410297956735305e-06
1061.3 2.6264139922780613e-06
1061.4 2.611799922064329e-06
1061.5 2.597187584923002e-06
1061.6 2.582576980747502e-06
1061.7 2.5679681094338635e-06
1061.8 2.5533609708753993e-06
1061.9 2.5387555649654887e-06
1062.0 2.524151891596972e-06
1062.1 2.509237515136999e-06
1062.2 2.4943284411988297e-06
1062.3 2.4794246701678225e-06
1062.4 2.4645262024266863e-06
1062.5 2.4496330383589065e-06
1062.6 2.435240649484914e-06
1062.7 2.4208477083121253e-06
1062.8 2.4064542148841375e-06
1062.9 2.3920601692495374e-06
1063.0 2.3776655714541336e-06
1063.1 2.3631344234682385e-06
1063.2 2.3486043895700616e-06
1063.3 2.334075469726594e-06
1063.4 2.319547663912137e-06
1063.5 2.305020972092915e-06
1063.6 2.2900293727969343e-06
1063.7 2.275044797699482e-06
1063.8 2.260067246084687e-06
1063.9 2.2450967172462775e-06
1064.0 2.230133210476152e-06
1064.1 2.215509319785039e-06
1064.2 2.2008880985531928e-06
1064.3 2.186269546503195e-06
1064.4 2.1716536633622295e-06
1064.5 2.157040448852867e-06
1064.6 2.142429902704465e-06
1064.7 2.1278220246374525e-06
1064.8 2.113216814379013e-06
1064.9 2.0986142716562213e-06
1065.0 2.0840143961922257e-06
1065.1 2.069688947069348e-06
1065.2 2.055362366719757e-06
1065.3 2.0410346551753736e-06
1065.4 2.0267058124659523e-06
1065.5 2.0123758386192232e-06
1065.6 1.9980447336692345e-06
