data/throughputs/total_comcam_u.ecsv
# %ECSV 1.0
# ---
# datatype:
# - {name: wavelength, unit: nm, datatype: float32}
# - {name: throughput, unit: '', datatype: float64}
# schema: astropy-2.0
wavelength throughput
[from data line 1995]
499.5 4.781563500263696e-05
499.6 4.781912393751729e-05
499.7 4.782261281227725e-05
499.8 4.782610162710624e-05
499.9 4.782959038202033e-05
500.0 4.783307907714566e-05
500.1 4.7824989770832034e-05
500.2 4.7817015725612896e-05
500.3 4.780904019319411e-05
500.4 4.780106317365443e-05
500.5 4.779308466719321e-05
500.6 4.779607966354192e-05
500.7 4.7799074548636254e-05
500.8 4.780206932255552e-05
500.9 4.7805063985379014e-05
501.0 4.780805853724428e-05
501.1 4.7811807931764236e-05
501.2 4.781555731586073e-05
501.3 4.781930668960905e-05
501.4 4.782305605314227e-05
501.5 4.7826805406362004e-05
501.6 4.783055474951718e-05
501.7 4.783430408262519e-05
501.8 4.7838053405703544e-05
501.9 4.7841802718885386e-05
502.0 4.784555202224604e-05
502.1 4.784899118799406e-05
502.2 4.7852430293466116e-05
502.3 4.785586933873822e-05
502.4 4.785930832394424e-05
502.5 4.7862747249097204e-05
502.6 4.785519502682765e-05
502.7 4.784764116545951e-05
502.8 4.7840085665034544e-05
502.9 4.78325285257104e-05
503.0 4.782496974765096e-05
503.1 4.783082752077397e-05
503.2 4.783668557803697e-05
503.3 4.784254391944521e-05
503.4 4.784840254511988e-05
503.5 4.785426145511922e-05
503.6 4.7849183296227794e-05
503.7 4.7844144477892674e-05
503.8 4.78391233869192e-05
503.9 4.783410001893117e-05
504.0 4.7829055977802125e-05
504.1 4.784104864338418e-05
504.2 4.7852991262373734e-05
504.3 4.786487018986718e-05
504.4 4.787667336888434e-05
504.5 4.788839033241411e-05
504.6 4.7900012204582734e-05
504.7 4.791153170489438e-05
504.8 4.7922943148977665e-05
504.9 4.7934242450791355e-05
505.0 4.794542712432994e-05
505.1 4.794890559671854e-05
505.2 4.7952269479242114e-05
505.3 4.795552115164132e-05
505.4 4.795866459889865e-05
505.5 4.796170541184057e-05
505.6 4.7964650788727375e-05
505.7 4.7967509533269e-05
505.8 4.797029205654854e-05
505.9 4.797301037740909e-05
506.0 4.7975678122838475e-05
506.1 4.7991076102626874e-05
506.2 4.800645778532535e-05
506.3 4.802184162537356e-05
506.4 4.803724770858236e-05
506.5 4.805269775490153e-05
506.6 4.806821709890109e-05
506.7 4.8083739796864875e-05
506.8 4.809926519197652e-05
506.9 4.811479267523926e-05
507.0 4.813032168549155e-05
507.1 4.8131231711848145e-05
507.2 4.813213992963732e-05
507.3 4.813304592386107e-05
507.4 4.813394932836355e-05
507.5 4.813484982584341e-05
507.6 4.8146770847127614e-05
507.7 4.815868633339249e-05
507.8 4.8170597427744226e-05
507.9 4.818250522588116e-05
508.0 4.8194410775503666e-05
508.1 4.81970280090613e-05
508.2 4.819964462220767e-05
508.3 4.820226151908562e-05
508.4 4.8204879555340725e-05
508.5 4.820749953810986e-05
508.6 4.822109077054462e-05
508.7 4.823464573448994e-05
508.8 4.8248186190838215e-05
508.9 4.826173231118384e-05
509.0 4.827530267544761e-05
509.1 4.8287518575184415e-05
509.2 4.829979039004647e-05
509.3 4.83121319051325e-05
509.4 4.8324555303146334e-05
509.5 4.8337071162714645e-05
509.6 4.833865223409429e-05
509.7 4.8340338583201035e-05
509.8 4.8342135076781715e-05
509.9 4.834404491624159e-05
510.0 4.8346069637269205e-05
510.1 4.8360410033375984e-05
510.2 4.837486506586511e-05
510.3 4.8389431353984047e-05
510.4 4.840410384429401e-05
510.5 4.8418875808164655e-05
510.6 4.842269603510229e-05
510.7 4.842660097278717e-05
510.8 4.8430580426796465e-05
510.9 4.843462262788962e-05
511.0 4.843871423125702e-05
511.1 4.845487368403568e-05
511.2 4.847105358229533e-05
511.3 4.848723584997763e-05
511.4 4.850340081307127e-05
511.5 4.851952719694852e-05
511.6 4.8524538698133686e-05
511.7 4.852955036058368e-05
511.8 4.853456218442903e-05
511.9 4.85395741697421e-05
512.0 4.854458631653569e-05
512.1 4.854684348020791e-05
512.2 4.8549100487467596e-05
512.3 4.855135733846515e-05
512.4 4.855361403329287e-05
512.5 4.8555870571990106e-05
512.6 4.8569188031431214e-05
512.7 4.858250636278988e-05
512.8 4.8595825566120327e-05
512.9 4.860914564130203e-05
513.0 4.862246658838514e-05
513.1 4.862718317458766e-05
513.2 4.863189990282111e-05
513.3 4.86366167732228e-05
513.4 4.864133378581349e-05
513.5 4.8646050940614e-05
513.6 4.865076823781993e-05
513.7 4.865548567739394e-05
513.8 4.8660203259473466e-05
513.9 4.866492098402113e-05
514.0 4.866963885123776e-05
514.1 4.8684628658564554e-05
514.2 4.869962026006979e-05
514.3 4.871461365573304e-05
514.4 4.872960884570862e-05
514.5 4.874460583008718e-05
514.6 4.874852539856092e-05
514.7 4.8752444979866244e-05
514.8 4.875636457419826e-05
514.9 4.876028418151881e-05
515.0 4.8764203801964734e-05
515.1 4.876828910469575e-05
515.2 4.8772374466534177e-05
515.3 4.8776459887445564e-05
515.4 4.8780545367570565e-05
515.5 4.878463090693317e-05
515.6 4.878871650561568e-05
515.7 4.879280216370046e-05
515.8 4.879688788121156e-05
515.9 4.880097365828979e-05
516.0 4.880505949496389e-05
516.1 4.8818712999367086e-05
516.2 4.8832367548570914e-05
516.3 4.8846023142534926e-05
516.4 4.885967978133541e-05
516.5 4.887333746486809e-05
516.6 4.887590064252891e-05
516.7 4.887846370132079e-05
516.8 4.888102664121846e-05
516.9 4.888358946231335e-05
517.0 4.88861521647557e-05
517.1 4.8889370294853475e-05
517.2 4.889258836402123e-05
517.3 4.8895806372285546e-05
517.4 4.8899024319789706e-05
517.5 4.890224220656032e-05
517.6 4.89054600326239e-05
517.7 4.890867779818232e-05
517.8 4.8911895503145324e-05
517.9 4.891511314771482e-05
518.0 4.891833073185992e-05
518.1 4.8923364034746574e-05
518.2 4.892839752021357e-05
518.3 4.8933431188456767e-05
518.4 4.893846503943827e-05
518.5 4.894349907329564e-05
518.6 4.8948533290107955e-05
518.7 4.895356768983741e-05
518.8 4.8958602272621655e-05
518.9 4.8963637038539844e-05
519.0 4.896867198761768e-05
519.1 4.898362900282892e-05
519.2 4.8998587794646575e-05
519.3 4.901354836330144e-05
519.4 4.902851070884898e-05
519.5 4.904347483139749e-05
519.6 4.904731888997223e-05
519.7 4.9051162982363135e-05
519.8 4.905500710859719e-05
519.9 4.905885126881849e-05
520.0 4.906269546305431e-05
520.1 4.906698049865353e-05
520.2 4.9071265624219274e-05
520.3 4.907555083977711e-05
520.4 4.9079836145411334e-05
520.5 4.9084121541147636e-05
520.6 4.9088407027128766e-05
520.7 4.909269260343916e-05
520.8 4.909697827004597e-05
520.9 4.910126402709209e-05
521.0 4.9105549874602664e-05
521.1 4.910826568517356e-05
521.2 4.911098139544296e-05
521.3 4.911369700544362e-05
521.4 4.911641251526693e-05
521.5 4.9119127925062804e-05
521.6 4.9121843234805514e-05
521.7 4.9124558444586444e-05
521.8 4.912727355449707e-05
521.9 4.91299885646288e-05
522.0 4.913270347501523e-05
522.1 4.913683613597995e-05
522.2 4.9140968856155636e-05
522.3 4.9145101635625397e-05
522.4 4.91492344744136e-05
522.5 4.915336737254478e-05
522.6 4.9157500330160654e-05
522.7 4.9161633347344357e-05
522.8 4.916576642406183e-05
522.9 4.9169899560454856e-05
523.0 4.917403275660631e-05
523.1 4.9177406368180026e-05
523.2 4.918077995075858e-05
523.3 4.918415350442956e-05
523.4 4.9187527029163206e-05
523.5 4.9190900525105916e-05
523.6 4.9194273992345336e-05
523.7 4.919764743091052e-05
523.8 4.920102084088918e-05
523.9 4.92043942223104e-05
524.0 4.920776757526231e-05
524.1 4.921186708092882e-05
524.2 4.9215966666290934e-05
524.3 4.922006633149557e-05
524.4 4.922416607657239e-05
524.5 4.9228265901551046e-05
524.6 4.923236580651988e-05
524.7 4.9236465791567285e-05
524.8 4.9240565856722925e-05
524.9 4.9244666002134015e-05
525.0 4.924876622782306e-05
525.1 4.924003973506842e-05
525.2 4.923133862284284e-05
525.3 4.922263617869756e-05
525.4 4.921393240269402e-05
525.5 4.920522729513426e-05
525.6 4.9207691728389735e-05
525.7 4.921015594929261e-05
525.8 4.9212619957996136e-05
525.9 4.921508375453606e-05
526.0 4.9217547338949364e-05
526.1 4.922234277696561e-05
526.2 4.922713831767576e-05
526.3 4.923193396098217e-05
526.4 4.923672970713979e-05
526.5 4.924152555605105e-05
526.6 4.924632150779466e-05
526.7 4.9251117562566907e-05
526.8 4.92559137202703e-05
526.9 4.926070998098365e-05
527.0 4.9265506344845715e-05
527.1 4.92725366519794e-05
527.2 4.9279567517033056e-05
527.3 4.9286598940103834e-05
527.4 4.929363092111247e-05
527.5 4.9300663460332536e-05
527.6 4.930769655768485e-05
527.7 4.931473021332552e-05
527.8 4.932176442729302e-05
527.9 4.9328799199684736e-05
528.0 4.933583453053775e-05
528.1 4.934004160104084e-05
528.2 4.934424868700759e-05
528.3 4.9348455788578926e-05
528.4 4.935266290571905e-05
528.5 4.935687003862783e-05
528.6 4.9361077187210695e-05
528.7 4.936528435160864e-05
528.8 4.936949153190382e-05
528.9 4.937369872811948e-05
529.0 4.9377905940279776e-05
529.1 4.938367232738558e-05
529.2 4.93894389949269e-05
529.3 4.939520594292739e-05
529.4 4.94009731715286e-05
529.5 4.9406740680695306e-05
529.6 4.9412508470510224e-05
529.7 4.941827654105605e-05
529.8 4.942404489241559e-05
529.9 4.942981352461264e-05
530.0 4.943558243772978e-05
530.1 4.944074146394267e-05
530.2 4.944590065999189e-05
530.3 4.945106002595876e-05
530.4 4.945621956186557e-05
530.5 4.946137926773462e-05
530.6 4.946653914370631e-05
530.7 4.9471699189802994e-05
530.8 4.947685940604709e-05
530.9 4.9482019792579114e-05
531.0 4.948718034936142e-05
531.1 4.9490354800622186e-05
531.2 4.949352912661393e-05
531.3 4.949670332742551e-05
531.4 4.949987740308691e-05
531.5 4.950305135362811e-05
531.6 4.950622517919715e-05
531.7 4.9509398879764975e-05
531.8 4.951257245547973e-05
531.9 4.9515745906371435e-05
532.0 4.9518919232470405e-05
532.1 4.9522602282208506e-05
532.2 4.952628527456935e-05
532.3 4.952996820957953e-05
532.4 4.953365108732484e-05
532.5 4.953733390789102e-05
532.6 4.954101667124575e-05
532.7 4.954469937753394e-05
532.8 4.9548382026782334e-05
532.9 4.95520646190768e-05
533.0 4.955574715445052e-05
533.1 4.957136101485369e-05
533.2 4.9586976902125724e-05
533.3 4.9602594816319196e-05
533.4 4.9618214757545804e-05
533.5 4.963383672591134e-05
533.6 4.963820489278166e-05
533.7 4.9642573105859925e-05
533.8 4.964694136528937e-05
533.9 4.965130967103583e-05
534.0 4.9655678023302906e-05
534.1 4.966227953834818e-05
534.2 4.9668881533186454e-05
534.3 4.96754840079773e-05
534.4 4.9682086962703006e-05
534.5 4.968869039752919e-05
534.6 4.9706563086712757e-05
534.7 4.97244392513085e-05
534.8 4.974231889168017e-05
534.9 4.976020200819141e-05
535.0 4.977808860137654e-05
535.1 4.978270317118086e-05
535.2 4.9787317822838356e-05
535.3 4.9791932556313995e-05
535.4 4.979654737175048e-05
535.5 4.980116226911896e-05
535.6 4.981705828522028e-05
535.7 4.9832956474074706e-05
535.8 4.9848856835697996e-05
535.9 4.9864759370283657e-05
536.0 4.988066407790139e-05
536.1 4.988672185694606e-05
536.2 4.9892779986606156e-05
536.3 4.989883846697292e-05
536.4 4.99048972981376e-05
536.5 4.9910956480072894e-05
536.6 4.991701601287016e-05
536.7 4.992307589668004e-05
536.8 4.992913613147532e-05
536.9 4.993519671728813e-05
537.0 4.99412576543283e-05
537.1 4.994682322776392e-05
537.2 4.995238906978175e-05
537.3 4.995795518035504e-05
537.4 4.9963521559694334e-05
537.5 4.9969088207719546e-05
537.6 4.998596160762064e-05
537.7 5.000283779552864e-05
537.8 5.001971677159296e-05
537.9 5.003659853614109e-05
538.0 5.005348308931627e-05
538.1 5.005888583227561e-05
538.2 5.00642887976086e-05
538.3 5.006969198540256e-05
538.4 5.007509539568523e-05
538.5 5.008049902860336e-05
538.6 5.008597299390709e-05
538.7 5.0091492272669126e-05
538.8 5.0097033562165984e-05
538.9 5.010257527701288e-05
539.0 5.010809754995682e-05
539.1 5.0112448468123305e-05
539.2 5.011674517533584e-05
539.3 5.0120972969447226e-05
539.4 5.012511887157041e-05
539.5 5.012917162699708e-05
539.6 5.0133119643145654e-05
539.7 5.013695585284435e-05
539.8 5.0140674864958605e-05
539.9 5.0144272965376e-05
540.0 5.014774811759882e-05
540.1 5.015244119651216e-05
540.2 5.015701246571407e-05
540.3 5.016146491575102e-05
540.4 5.016580321778824e-05
540.5 5.017003372434149e-05
540.6 5.016282567457391e-05
540.7 5.015552575390284e-05
540.8 5.014814541656787e-05
540.9 5.014069778886947e-05
541.0 5.013319766802391e-05
541.1 5.013633686200252e-05
541.2 5.013945981581671e-05
541.3 5.014258633401356e-05
541.4 5.0145737905305946e-05
541.5 5.0148937703419885e-05
541.6 5.015221058875606e-05
541.7 5.015548607754565e-05
541.8 5.015876383962615e-05
541.9 5.016204349399477e-05
542.0 5.016532460849365e-05
542.1 5.0171304729352494e-05
542.2 5.017728571456125e-05
542.3 5.01832669789629e-05
542.4 5.018924788620985e-05
542.5 5.019522774879745e-05
542.6 5.021256563374655e-05
542.7 5.022990783660633e-05
542.8 5.024725367108745e-05
542.9 5.0264602500705575e-05
543.0 5.0281953739041676e-05
543.1 5.028415184134242e-05
543.2 5.028634809827104e-05
543.3 5.028854207592004e-05
543.4 5.0290733391217894e-05
543.5 5.029292171200185e-05
543.6 5.0295036326098764e-05
543.7 5.029710214885708e-05
543.8 5.029914241610084e-05
543.9 5.030117868438207e-05
544.0 5.0303230830790405e-05
544.1 5.030469720573239e-05
544.2 5.030621413196882e-05
544.3 5.0307796443361726e-05
544.4 5.030945729184384e-05
544.5 5.031120814754097e-05
544.6 5.031305879841051e-05
544.7 5.031501734798713e-05
544.8 5.0317090218533104e-05
544.9 5.0319282149264494e-05
545.0 5.032159619589321e-05
545.1 5.032620546026863e-05
545.2 5.033093817883664e-05
545.3 5.033579237060325e-05
545.4 5.034076436862453e-05
545.5 5.0345848819463366e-05
545.6 5.035103868189377e-05
545.7 5.035632236141454e-05
545.8 5.0361688595025124e-05
545.9 5.036712437779257e-05
546.0 5.037261496161486e-05
546.1 5.037842223087525e-05
546.2 5.038424964662213e-05
546.3 5.0390077225343806e-05
546.4 5.039588323555334e-05
546.5 5.0401644197361945e-05
546.6 5.0407334881231036e-05
546.7 5.041302587070452e-05
546.8 5.041871716576181e-05
546.9 5.042440876656166e-05
547.0 5.043010067308943e-05
547.1 5.04463424631821e-05
547.2 5.046258657573296e-05
547.3 5.047883301090959e-05
547.4 5.049508176893945e-05
547.5 5.051133284986418e-05
547.6 5.051618305227217e-05
547.7 5.0521033388162474e-05
547.8 5.052588385756481e-05
547.9 5.0530734460508944e-05
548.0 5.053558519714439e-05
548.1 5.054038709146394e-05
548.2 5.0545189116318056e-05
548.3 5.054999127161803e-05
548.4 5.0554793557514694e-05
548.5 5.0559595974039035e-05
548.6 5.056439852122216e-05
548.7 5.056920119915509e-05
548.8 5.057400400786887e-05
548.9 5.0578806947454653e-05
549.0 5.0583610017883585e-05
549.1 5.058825520607171e-05
549.2 5.059290049587561e-05
549.3 5.0597545887325553e-05
549.4 5.0602191380451764e-05
549.5 5.060683697541081e-05
549.6 5.0622907386016704e-05
549.7 5.063897999596903e-05
549.8 5.065505480535367e-05
549.9 5.0671131814316294e-05
550.0 5.068721102287715e-05
550.1 5.069377796503711e-05
550.2 5.070053232928758e-05
550.3 5.070728715136268e-05
550.4 5.071404243136218e-05
550.5 5.072079816926579e-05
550.6 5.072755436523341e-05
550.7 5.0734311019304765e-05
550.8 5.074106813151983e-05
550.9 5.074782570191848e-05
551.0 5.075458373060032e-05
551.1 5.076073686238211e-05
551.2 5.076689033130557e-05
551.3 5.077304413746743e-05
551.4 5.077919828096459e-05
551.5 5.0785352761773835e-05
551.6 5.0791507579991996e-05
551.7 5.0797662735716066e-05
551.8 5.080381822898299e-05
551.9 5.080997405988971e-05
552.0 5.0816130228411574e-05
552.1 5.0819449841844746e-05
552.2 5.0822769279996166e-05
552.3 5.082608854295783e-05
552.4 5.0829407630821835e-05
552.5 5.0832726543560094e-05
552.6 5.083604528126468e-05
552.7 5.0839363843967635e-05
552.8 5.084268223176109e-05
552.9 5.0846000444616993e-05
553.0 5.084931848275047e-05
553.1 5.0857283367373035e-05
553.2 5.0865249010464316e-05
553.3 5.0873215412089715e-05
553.4 5.088118257237475e-05
553.5 5.088915049144506e-05
553.6 5.089711916930599e-05
553.7 5.090508860608325e-05
553.8 5.091305880190256e-05
553.9 5.092102975676931e-05
554.0 5.092900147074779e-05
554.1 5.0934569163754034e-05
554.2 5.0940137060803784e-05
554.3 5.094570516198619e-05
554.4 5.0951273467330094e-05
554.5 5.095684197699151e-05
554.6 5.0973901651577004e-05
554.7 5.099096404181697e-05
554.8 5.100802914798275e-05
554.9 5.1025096970225164e-05
555.0 5.104216750862822e-05
555.1 5.104795349318839e-05
555.2 5.105373972534211e-05
555.3 5.1059526205240704e-05
555.4 5.106531293297512e-05
555.5 5.107109990845557e-05
555.6 5.107688713183336e-05
555.7 5.1082674603199646e-05
555.8 5.108846232246461e-05
555.9 5.109425028984005e-05
