data/throughputs/total_comcam_i.ecsv
# %ECSV 1.0
# ---
# datatype:
# - {name: wavelength, unit: nm, datatype: float32}
# - {name: throughput, unit: '', datatype: float64}
# schema: astropy-2.0
wavelength throughput
[from data line 2388]
538.8 5.0097033562165984e-05
538.9 5.010257527701288e-05
539.0 5.010809754995682e-05
539.1 5.0112448468123305e-05
539.2 5.011674517533584e-05
539.3 5.0120972969447226e-05
539.4 5.012511887157041e-05
539.5 5.012917162699708e-05
539.6 5.0133119643145654e-05
539.7 5.013695585284435e-05
539.8 5.0140674864958605e-05
539.9 5.0144272965376e-05
540.0 5.014774811759882e-05
540.1 5.015244119651216e-05
540.2 5.015701246571407e-05
540.3 5.016146491575102e-05
540.4 5.016580321778824e-05
540.5 5.017003372434149e-05
540.6 5.016282567457391e-05
540.7 5.015552575390284e-05
540.8 5.014814541656787e-05
540.9 5.014069778886947e-05
541.0 5.013319766802391e-05
541.1 5.013633686200252e-05
541.2 5.013945981581671e-05
541.3 5.014258633401356e-05
541.4 5.0145737905305946e-05
541.5 5.0148937703419885e-05
541.6 5.015221058875606e-05
541.7 5.015548607754565e-05
541.8 5.015876383962615e-05
541.9 5.016204349399477e-05
542.0 5.016532460849365e-05
542.1 5.0171304729352494e-05
542.2 5.017728571456125e-05
542.3 5.01832669789629e-05
542.4 5.018924788620985e-05
542.5 5.019522774879745e-05
542.6 5.021256563374655e-05
542.7 5.022990783660633e-05
542.8 5.024725367108745e-05
542.9 5.0264602500705575e-05
543.0 5.0281953739041676e-05
543.1 5.028415184134242e-05
543.2 5.028634809827104e-05
543.3 5.028854207592004e-05
543.4 5.0290733391217894e-05
543.5 5.029292171200185e-05
543.6 5.0295036326098764e-05
543.7 5.029710214885708e-05
543.8 5.029914241610084e-05
543.9 5.030117868438207e-05
544.0 5.0303230830790405e-05
544.1 5.030469720573239e-05
544.2 5.030621413196882e-05
544.3 5.0307796443361726e-05
544.4 5.030945729184384e-05
544.5 5.031120814754097e-05
544.6 5.031305879841051e-05
544.7 5.031501734798713e-05
544.8 5.0317090218533104e-05
544.9 5.0319282149264494e-05
545.0 5.032159619589321e-05
545.1 5.032620546026863e-05
545.2 5.033093817883664e-05
545.3 5.033579237060325e-05
545.4 5.034076436862453e-05
545.5 5.0345848819463366e-05
545.6 5.035103868189377e-05
545.7 5.035632236141454e-05
545.8 5.0361688595025124e-05
545.9 5.036712437779257e-05
546.0 5.037261496161486e-05
546.1 5.037842223087525e-05
546.2 5.038424964662213e-05
546.3 5.0390077225343806e-05
546.4 5.039588323555334e-05
546.5 5.0401644197361945e-05
546.6 5.0407334881231036e-05
546.7 5.041302587070452e-05
546.8 5.041871716576181e-05
546.9 5.042440876656166e-05
547.0 5.043010067308943e-05
547.1 5.04463424631821e-05
547.2 5.046258657573296e-05
547.3 5.047883301090959e-05
547.4 5.049508176893945e-05
547.5 5.051133284986418e-05
547.6 5.051618305227217e-05
547.7 5.0521033388162474e-05
547.8 5.052588385756481e-05
547.9 5.0530734460508944e-05
548.0 5.053558519714439e-05
548.1 5.054038709146394e-05
548.2 5.0545189116318056e-05
548.3 5.054999127161803e-05
548.4 5.0554793557514694e-05
548.5 5.0559595974039035e-05
548.6 5.056439852122216e-05
548.7 5.056920119915509e-05
548.8 5.057400400786887e-05
548.9 5.0578806947454653e-05
549.0 5.0583610017883585e-05
549.1 5.058825520607171e-05
549.2 5.059290049587561e-05
549.3 5.0597545887325553e-05
549.4 5.0602191380451764e-05
549.5 5.060683697541081e-05
549.6 5.0622907386016704e-05
549.7 5.063897999596903e-05
549.8 5.065505480535367e-05
549.9 5.0671131814316294e-05
550.0 5.068721102287715e-05
550.1 5.069377796503711e-05
550.2 5.070053232928758e-05
550.3 5.070728715136268e-05
550.4 5.071404243136218e-05
550.5 5.072079816926579e-05
550.6 5.072755436523341e-05
550.7 5.0734311019304765e-05
550.8 5.074106813151983e-05
550.9 5.074782570191848e-05
551.0 5.075458373060032e-05
551.1 5.076073686238211e-05
551.2 5.076689033130557e-05
551.3 5.077304413746743e-05
551.4 5.077919828096459e-05
551.5 5.0785352761773835e-05
551.6 5.0791507579991996e-05
551.7 5.0797662735716066e-05
551.8 5.080381822898299e-05
551.9 5.080997405988971e-05
552.0 5.0816130228411574e-05
552.1 5.0819449841844746e-05
552.2 5.0822769279996166e-05
552.3 5.082608854295783e-05
552.4 5.0829407630821835e-05
552.5 5.0832726543560094e-05
552.6 5.083604528126468e-05
552.7 5.0839363843967635e-05
552.8 5.084268223176109e-05
552.9 5.0846000444616993e-05
553.0 5.084931848275047e-05
553.1 5.0857283367373035e-05
553.2 5.0865249010464316e-05
553.3 5.0873215412089715e-05
553.4 5.088118257237475e-05
553.5 5.088915049144506e-05
553.6 5.089711916930599e-05
553.7 5.090508860608325e-05
553.8 5.091305880190256e-05
553.9 5.092102975676931e-05
554.0 5.092900147074779e-05
554.1 5.0934569163754034e-05
554.2 5.0940137060803784e-05
554.3 5.094570516198619e-05
554.4 5.0951273467330094e-05
554.5 5.095684197699151e-05
554.6 5.0973901651577004e-05
554.7 5.099096404181697e-05
554.8 5.100802914798275e-05
554.9 5.1025096970225164e-05
555.0 5.104216750862822e-05
555.1 5.104795349318839e-05
555.2 5.105373972534211e-05
555.3 5.1059526205240704e-05
555.4 5.106531293297512e-05
555.5 5.107109990845557e-05
555.6 5.107688713183336e-05
555.7 5.1082674603199646e-05
555.8 5.108846232246461e-05
555.9 5.109425028984005e-05
556.0 5.11000385052294e-05
556.1 5.109418287519138e-05
556.2 5.108832491822918e-05
556.3 5.108246463430121e-05
556.4 5.107660202330567e-05
556.5 5.107073708520779e-05
556.6 5.107638647961229e-05
556.7 5.108203609443628e-05
556.8 5.108768592970976e-05
556.9 5.1093335985402274e-05
557.0 5.1098986261664654e-05
557.1 5.110482321516697e-05
557.2 5.111066042857729e-05
557.3 5.111649790192746e-05
557.4 5.112233563530984e-05
557.5 5.112817362875635e-05
557.6 5.1134011882298946e-05
557.7 5.113985039596961e-05
557.8 5.1145689169921244e-05
557.9 5.1151528204065e-05
558.0 5.115736749855348e-05
558.1 5.116268291814582e-05
558.2 5.1167998494128864e-05
558.3 5.117331422671292e-05
558.4 5.117863011574539e-05
558.5 5.1183946161436655e-05
558.6 5.118926236381555e-05
558.7 5.1194578722850605e-05
558.8 5.1199895238631194e-05
558.9 5.1205211911186375e-05
559.0 5.1210528740605626e-05
559.1 5.1215845726917985e-05
559.2 5.122116287015255e-05
559.3 5.122648017033834e-05
559.4 5.1231797627625574e-05
559.5 5.123711524191551e-05
559.6 5.123087891346791e-05
559.7 5.122464034405792e-05
559.8 5.121839953356697e-05
559.9 5.121215648199783e-05
560.0 5.120591118924152e-05
560.1 5.121576258903803e-05
560.2 5.122561535075053e-05
560.3 5.123546947466005e-05
560.4 5.124532496092657e-05
560.5 5.125518180964938e-05
560.6 5.126504002110982e-05
560.7 5.127489959540721e-05
560.8 5.12847605327624e-05
560.9 5.129462283333543e-05
561.0 5.130448649728225e-05
561.1 5.1307016500635475e-05
561.2 5.1309546222808195e-05
561.3 5.13120756637194e-05
561.4 5.131460482353094e-05
561.5 5.1317133702215664e-05
561.6 5.130807772610346e-05
561.7 5.129902032749268e-05
561.8 5.12899615068165e-05
561.9 5.128090126414388e-05
562.0 5.127183959985632e-05
562.1 5.127788789080847e-05
562.2 5.1283936489869623e-05
562.3 5.1289985397257935e-05
562.4 5.129603461288772e-05
562.5 5.1302084136916466e-05
562.6 5.130813396938016e-05
562.7 5.131418411031481e-05
562.8 5.132023455975633e-05
562.9 5.1326285317740885e-05
563.0 5.133233638436576e-05
563.1 5.133923386718529e-05
563.2 5.134613185742842e-05
563.3 5.135303035508545e-05
563.4 5.135992936026825e-05
563.5 5.136682887302788e-05
563.6 5.137372889341547e-05
563.7 5.1380629421543056e-05
563.8 5.1387530457461784e-05
563.9 5.139443200122288e-05
564.0 5.140133405286931e-05
564.1 5.1394402089065924e-05
564.2 5.1387468048700344e-05
564.3 5.138053193173354e-05
564.4 5.1373593738248465e-05
564.5 5.1366653468213266e-05
564.6 5.137133359527022e-05
564.7 5.137601376360931e-05
564.8 5.138069397319794e-05
564.9 5.138537422406441e-05
565.0 5.139005451629997e-05
565.1 5.1398023714651734e-05
565.2 5.14059937114289e-05
565.3 5.1413964506655076e-05
565.4 5.142193610041472e-05
565.5 5.142990849285334e-05
565.6 5.1437881684116554e-05
565.7 5.144585567422799e-05
565.8 5.145383046333332e-05
565.9 5.146180605151717e-05
566.0 5.146978243886256e-05
566.1 5.1474730485339646e-05
566.2 5.147967862069116e-05
566.3 5.148462684482402e-05
566.4 5.148957515782829e-05
566.5 5.1494523559732886e-05
566.6 5.149947205068899e-05
566.7 5.150442063060358e-05
566.8 5.1509369299566734e-05
566.9 5.15143180576686e-05
567.0 5.151926690487858e-05
567.1 5.15263288371709e-05
567.2 5.153339130587585e-05
567.3 5.154045431104508e-05
567.4 5.15475178527913e-05
567.5 5.155458193116626e-05
567.6 5.156164654616058e-05
567.7 5.1568711697948186e-05
567.8 5.15757773865198e-05
567.9 5.1582843611988346e-05
568.0 5.158991037439741e-05
568.1 5.158350675710476e-05
568.2 5.157710090496342e-05
568.3 5.15706928178652e-05
568.4 5.1564282495763364e-05
568.5 5.1557869938610936e-05
568.6 5.155145514636125e-05
568.7 5.1545038118906356e-05
568.8 5.153861885626075e-05
568.9 5.1532197358316674e-05
569.0 5.152577362503602e-05
569.1 5.1533219572402215e-05
569.2 5.154066617805048e-05
569.3 5.1548113442050785e-05
569.4 5.155556136447321e-05
569.5 5.156300994538775e-05
569.6 5.157045918498703e-05
569.7 5.1577909083218694e-05
569.8 5.158535964021414e-05
569.9 5.1592810856104825e-05
570.0 5.1600262730905134e-05
570.1 5.161659659840483e-05
570.2 5.1632932591040006e-05
570.3 5.164927070876794e-05
570.4 5.166561095172982e-05
570.5 5.168195331999832e-05
570.6 5.1686590771488586e-05
570.7 5.169122824756174e-05
570.8 5.169586574830596e-05
570.9 5.1700503273748315e-05
571.0 5.17051408239171e-05
571.1 5.17118948722934e-05
571.2 5.171864938626643e-05
571.3 5.17254043656999e-05
571.4 5.173215981076431e-05
571.5 5.173891572156879e-05
571.6 5.17456720980385e-05
571.7 5.175242894034405e-05
571.8 5.1759186248471924e-05
571.9 5.176594402253142e-05
572.0 5.1772702262508547e-05
572.1 5.177850585869515e-05
572.2 5.178430971206455e-05
572.3 5.179011382271392e-05
572.4 5.1795918190617534e-05
572.5 5.180172281587271e-05
572.6 5.1807527698515216e-05
572.7 5.181333283858088e-05
572.8 5.181913823616702e-05
572.9 5.182494389124808e-05
573.0 5.1830749803930055e-05
573.1 5.1850475759134474e-05
573.2 5.187020610514774e-05
573.3 5.188994084273022e-05
573.4 5.190967997233483e-05
573.5 5.192942349465316e-05
573.6 5.193742086265001e-05
573.7 5.194541900549181e-05
573.8 5.195341792325548e-05
573.9 5.1961417616140934e-05
574.0 5.196941808410319e-05
574.1 5.1979304913304314e-05
574.2 5.198919311701954e-05
574.3 5.199908269535742e-05
574.4 5.200897364854958e-05
574.5 5.201886597670461e-05
574.6 5.202875968011591e-05
574.7 5.203865475883047e-05
574.8 5.2048551213141856e-05
574.9 5.20584490432204e-05
575.0 5.2068348249179836e-05
575.1 5.208684411214327e-05
575.2 5.2105529540348565e-05
575.3 5.21242184894268e-05
575.4 5.21429109595966e-05
575.5 5.2161606951131015e-05
575.6 5.216851696909645e-05
575.7 5.2175427385759386e-05
575.8 5.2182338201219366e-05
575.9 5.2189249415452516e-05
576.0 5.219616102856616e-05
576.1 5.221519150887525e-05
576.2 5.2234225735834086e-05
576.3 5.225326370990451e-05
576.4 5.227230543136307e-05
576.5 5.22913509007261e-05
576.6 5.229859456642669e-05
576.7 5.2305838710196625e-05
576.8 5.231308333214067e-05
576.9 5.232032843230171e-05
577.0 5.232757401066879e-05
577.1 5.234728123369288e-05
577.2 5.236699268045367e-05
577.3 5.238670835143123e-05
577.4 5.2406428247167504e-05
577.5 5.242615236813517e-05
577.6 5.243405792845085e-05
577.7 5.244196414967218e-05
577.8 5.244987103186112e-05
577.9 5.245777857514148e-05
578.0 5.246568677958021e-05
578.1 5.2481415490832055e-05
578.2 5.249714568576218e-05
578.3 5.251287736411057e-05
578.4 5.252861052574099e-05
578.5 5.254434517057158e-05
578.6 5.2548246107788065e-05
578.7 5.255214677083051e-05
578.8 5.255604715965328e-05
578.9 5.25599472742728e-05
579.0 5.256384711483267e-05
579.1 5.257283359794998e-05
579.2 5.258181799976952e-05
579.3 5.2590800320006206e-05
579.4 5.259978055837518e-05
579.5 5.2608758714398296e-05
579.6 5.2605899939844266e-05
579.7 5.260304036908951e-05
579.8 5.2600180002354816e-05
579.9 5.25973188398609e-05
580.0 5.259445688189658e-05
580.1 5.2601295196640596e-05
580.2 5.2608133887289075e-05
580.3 5.261497295387934e-05
580.4 5.262181239644878e-05
580.5 5.262865221504229e-05
580.6 5.26473339152937e-05
580.7 5.2666019069578e-05
580.8 5.2684707678094265e-05
580.9 5.2703399741227336e-05
581.0 5.272209525923236e-05
581.1 5.273142997551087e-05
581.2 5.274076575197436e-05
581.3 5.275010258866466e-05
581.4 5.275944048568562e-05
581.5 5.2768779443272844e-05
581.6 5.278997971303934e-05
581.7 5.281118524169652e-05
581.8 5.2832396030156855e-05
581.9 5.285361207920876e-05
582.0 5.287483338969317e-05
582.1 5.2880993414394706e-05
582.2 5.288715364961205e-05
582.3 5.289331409524929e-05
582.4 5.289947475145891e-05
582.5 5.290563561827697e-05
582.6 5.292367364220751e-05
582.7 5.294171464281639e-05
582.8 5.295975862018041e-05
582.9 5.297780557462495e-05
583.0 5.299585550622022e-05
583.1 5.3003621509393064e-05
583.2 5.30113881264532e-05
583.3 5.301915535752147e-05
583.4 5.30269232027189e-05
583.5 5.3034691661979854e-05
583.6 5.304238644546644e-05
583.7 5.3050034056613956e-05
583.8 5.305765918440271e-05
583.9 5.3065284701238205e-05
584.0 5.3072931662089107e-05
584.1 5.3076958292669276e-05
584.2 5.30810421878038e-05
584.3 5.308519892682348e-05
584.4 5.3089442262469905e-05
584.5 5.309378412076029e-05
584.6 5.3110142220458234e-05
584.7 5.3126620666916374e-05
584.8 5.31432252580927e-05
584.9 5.315996001987727e-05
585.0 5.317682720283994e-05
585.1 5.318131387547547e-05
585.2 5.3185929685838574e-05
585.3 5.3190671454137744e-05
585.4 5.319553421920316e-05
585.5 5.320051123737448e-05
585.6 5.320559398327665e-05
585.7 5.3210772145767634e-05
585.8 5.321603362872301e-05
585.9 5.322136455013139e-05
586.0 5.322674924155603e-05
586.1 5.3231406621759103e-05
586.2 5.323608090497118e-05
586.3 5.324075105747353e-05
586.4 5.324539425664548e-05
586.5 5.324998589033796e-05
586.6 5.3254499555207465e-05
586.7 5.325901011040276e-05
586.8 5.3263517906678686e-05
586.9 5.326802334896253e-05
587.0 5.327252689611991e-05
587.1 5.326877579562988e-05
587.2 5.326502113243754e-05
587.3 5.3261263527725924e-05
587.4 5.325750365634656e-05
587.5 5.325374224697723e-05
587.6 5.323803575563455e-05
587.7 5.3222321240791387e-05
587.8 5.320659943145703e-05
587.9 5.319087100182192e-05
588.0 5.3175136571206714e-05
588.1 5.314862211783152e-05
588.2 5.3122097858647384e-05
588.3 5.309556424672621e-05
588.4 5.3069021680586596e-05
588.5 5.3042470504024736e-05
588.6 5.302802155963968e-05
588.7 5.301366407473123e-05
588.8 5.299934880815343e-05
588.9 5.298503017498662e-05
589.0 5.297066624110159e-05
589.1 5.2980761491585254e-05
589.2 5.299074719719766e-05
589.3 5.300059215142055e-05
589.4 5.301026872849901e-05
589.5 5.3019752886858206e-05
589.6 5.301703803085537e-05
589.7 5.301408795346454e-05
589.8 5.301089027855568e-05
589.9 5.300743618350209e-05
590.0 5.300372039777525e-05
590.1 5.30355049854538e-05
590.2 5.306703827116839e-05
590.3 5.30983251231625e-05
590.4 5.3129373980191405e-05
590.5 5.3160196862562526e-05
590.6 5.3190809380422816e-05
590.7 5.322123377357062e-05
590.8 5.325149376239474e-05
590.9 5.328161674447861e-05
591.0 5.3311633804369805e-05
591.1 5.330877551266488e-05
591.2 5.3305875911099754e-05
591.3 5.3302977197658924e-05
591.4 5.3300125185219736e-05
591.5 5.329736930086941e-05
591.6 5.328274301943621e-05
591.7 5.326811212218557e-05
591.8 5.325347625422384e-05
591.9 5.323883500723659e-05
592.0 5.322418791932372e-05
592.1 5.323100532791836e-05
592.2 5.323782368272682e-05
592.3 5.324464236298284e-05
592.4 5.325146069339562e-05
592.5 5.3258277944640255e-05
592.6 5.330120745427805e-05
592.7 5.334414794919177e-05
592.8 5.338709870246471e-05
592.9 5.343005903890656e-05
593.0 5.347302833538082e-05
593.1 5.348997260353639e-05
593.2 5.3506917297827885e-05
593.3 5.352386195479771e-05
593.4 5.354080616485698e-05
593.5 5.355774957197194e-05
593.6 5.35383916639965e-05
593.7 5.351892955070513e-05
593.8 5.349941297143411e-05
593.9 5.347988796102052e-05
594.0 5.346039685553587e-05
594.1 5.341987602773159e-05
594.2 5.337945356659069e-05
594.3 5.333916058073907e-05
594.4 5.329902446290872e-05
594.5 5.32590689037495e-05
594.6 5.32917069143637e-05
594.7 5.33245869773756e-05
594.8 5.3357722035480326e-05
594.9 5.33911214898867e-05
595.0 5.342479118939274e-05
595.1 5.346861954703776e-05
595.2 5.351272006224424e-05
595.3 5.35570880009822e-05
