data/throughputs/total_comcam_z.ecsv
# %ECSV 1.0
# ---
# datatype:
# - {name: wavelength, unit: nm, datatype: float32}
# - {name: throughput, unit: '', datatype: float64}
# schema: astropy-2.0
wavelength throughput
[from data line 1256]
425.6 3.940142061082296e-05
425.7 3.9425835726013596e-05
425.8 3.945026167453342e-05
425.9 3.947469845963262e-05
426.0 3.9499146084399334e-05
426.1 3.9517576596571624e-05
426.2 3.953601221724716e-05
426.3 3.95544529472555e-05
426.4 3.9572898787211804e-05
426.5 3.959134973778467e-05
426.6 3.9609805799749984e-05
426.7 3.9628266973776366e-05
426.8 3.9646733260586025e-05
426.9 3.96652046608474e-05
427.0 3.968368117528422e-05
427.1 3.9707742703026085e-05
427.2 3.9731814322457816e-05
427.3 3.9755896036118046e-05
427.4 3.977998784649176e-05
427.5 3.980408975611493e-05
427.6 3.9818082813787034e-05
427.7 3.983207886214034e-05
427.8 3.984607790134302e-05
427.9 3.986007993172488e-05
428.0 3.987408495345928e-05
428.1 3.990534670851905e-05
428.2 3.993662140040348e-05
428.3 3.9967909031936136e-05
428.4 3.9999209605994604e-05
428.5 4.003052312534558e-05
428.6 4.005169964355251e-05
428.7 4.007288352170718e-05
428.8 4.0094074761198154e-05
428.9 4.011527336357598e-05
429.0 4.013647933022848e-05
429.1 4.0154845037608304e-05
429.2 4.017321568206149e-05
429.3 4.01915912642022e-05
429.4 4.0209971784752726e-05
429.5 4.022835724432411e-05
429.6 4.023657404706906e-05
429.7 4.0244791634608136e-05
429.8 4.025301000692543e-05
429.9 4.026122916416735e-05
430.0 4.026944910626785e-05
430.1 4.029076181515957e-05
430.2 4.031208198853973e-05
430.3 4.0333409627871135e-05
430.4 4.035474473472491e-05
430.5 4.037608731072656e-05
430.6 4.039743735733904e-05
430.7 4.041879487613377e-05
430.8 4.044015986868229e-05
430.9 4.046153233655622e-05
431.0 4.048291228127129e-05
431.1 4.049849646973457e-05
431.2 4.0514083516237226e-05
431.3 4.05296734208741e-05
431.4 4.0545266183902975e-05
431.5 4.056086180547286e-05
431.6 4.0576460285787125e-05
431.7 4.0592061624994794e-05
431.8 4.0607665823299096e-05
431.9 4.062327288084899e-05
432.0 4.063888279790352e-05
432.1 4.0659817477509464e-05
432.2 4.0680759052548785e-05
432.3 4.070170752418557e-05
432.4 4.072266289358391e-05
432.5 4.0743625162013444e-05
432.6 4.075435454304088e-05
432.7 4.076508543305083e-05
432.8 4.0775817832093316e-05
432.9 4.0786551740218446e-05
433.0 4.079728715753277e-05
433.1 4.081425080756988e-05
433.2 4.0831218216374226e-05
433.3 4.084818938414546e-05
433.4 4.086516431130109e-05
433.5 4.0882142998149643e-05
433.6 4.089918253594185e-05
433.7 4.0916262598217584e-05
433.8 4.093336423188425e-05
433.9 4.0950469860371354e-05
434.0 4.09675632860276e-05
434.1 4.0979219699535144e-05
434.2 4.099083376748931e-05
434.3 4.100239346980985e-05
434.4 4.101388818302019e-05
434.5 4.102530868261242e-05
434.6 4.104692864831206e-05
434.7 4.1068463623561966e-05
434.8 4.108990964076256e-05
434.9 4.111126405500824e-05
435.0 4.113252554750768e-05
435.1 4.115139324887684e-05
435.2 4.117016749130119e-05
435.3 4.118885097097993e-05
435.4 4.120744772310811e-05
435.5 4.122596312500434e-05
435.6 4.124440728600999e-05
435.7 4.126278707119897e-05
435.8 4.128111077792461e-05
435.9 4.129938813908716e-05
436.0 4.131763032617608e-05
436.1 4.13318287667187e-05
436.2 4.134601610586546e-05
436.3 4.136020784888586e-05
436.4 4.1374420946054795e-05
436.5 4.138867379483429e-05
436.6 4.140298454251522e-05
436.7 4.141729519363575e-05
436.8 4.143160547361688e-05
436.9 4.144591506568011e-05
437.0 4.146022361066433e-05
437.1 4.14773773066043e-05
437.2 4.149453092771928e-05
437.3 4.151168398660777e-05
437.4 4.1528835952986906e-05
437.5 4.154598625371293e-05
437.6 4.156313597941309e-05
437.7 4.158028858219385e-05
437.8 4.1597444187527975e-05
437.9 4.1614603005237504e-05
438.0 4.163176532983358e-05
438.1 4.1638688172898275e-05
438.2 4.1645611933380946e-05
438.3 4.165253715923827e-05
438.4 4.165946448332157e-05
438.5 4.166639462323512e-05
438.6 4.1683623793807557e-05
438.7 4.170081869845013e-05
438.8 4.1717998238734655e-05
438.9 4.1735179912945625e-05
439.0 4.1752379812910495e-05
439.1 4.175734544759123e-05
439.2 4.17623535730503e-05
439.3 4.176741599578368e-05
439.4 4.177254309172584e-05
439.5 4.177774380539962e-05
439.6 4.179339364548945e-05
439.7 4.180913573207695e-05
439.8 4.1824975479475385e-05
439.9 4.184091691376513e-05
440.0 4.185696266993857e-05
440.1 4.187321550985996e-05
440.2 4.1889573777361654e-05
440.3 4.190603591905833e-05
440.4 4.192259897979021e-05
440.5 4.19392585996345e-05
440.6 4.1956009010940136e-05
440.7 4.1972840653626094e-05
440.8 4.1989744232523984e-05
440.9 4.200670899253886e-05
441.0 4.202372271567839e-05
441.1 4.2038505214579935e-05
441.2 4.2053306393539906e-05
441.3 4.206810962743118e-05
441.4 4.2082896820076455e-05
441.5 4.2097648401672124e-05
441.6 4.211234332643972e-05
441.7 4.2127040370753234e-05
441.8 4.214173953477701e-05
441.9 4.215644081850985e-05
442.0 4.2171144222062285e-05
442.1 4.219020806724905e-05
442.2 4.2209277030449465e-05
442.3 4.222835111236232e-05
442.4 4.2247430313686346e-05
442.5 4.226651463511684e-05
442.6 4.227519146855672e-05
442.7 4.228386914875145e-05
442.8 4.229254767570005e-05
442.9 4.230122704945695e-05
443.0 4.2309907270077985e-05
443.1 4.232282352049419e-05
443.2 4.233574076707462e-05
443.3 4.234865900967549e-05
443.4 4.236157824831891e-05
443.5 4.237449848297168e-05
443.6 4.238741971354525e-05
443.7 4.240034193995111e-05
443.8 4.2413265162211336e-05
443.9 4.2426189380182024e-05
444.0 4.2439114593883866e-05
444.1 4.244800549965833e-05
444.2 4.245689724484175e-05
444.3 4.246578982946742e-05
444.4 4.2474683253624096e-05
444.5 4.2483577517345245e-05
444.6 4.2492472620609084e-05
444.7 4.250136856344924e-05
444.8 4.251026534595485e-05
444.9 4.251916296804889e-05
445.0 4.252806142987901e-05
445.1 4.2545703543091955e-05
445.2 4.256334966858278e-05
445.3 4.258099980677871e-05
445.4 4.2598653958051734e-05
445.5 4.261631212282905e-05
445.6 4.263397430153797e-05
445.7 4.265164049455023e-05
445.8 4.266931070229298e-05
445.9 4.2686984925138e-05
446.0 4.2704663163570475e-05
446.1 4.273012887427302e-05
446.2 4.275559899545498e-05
446.3 4.278107352701698e-05
446.4 4.280655246908178e-05
446.5 4.28320358216539e-05
446.6 4.283657660355813e-05
446.7 4.284111735522525e-05
446.8 4.284565807668277e-05
446.9 4.2850198768013846e-05
447.0 4.2854739429361185e-05
447.1 4.2871063557964186e-05
447.2 4.288739078612058e-05
447.3 4.29037211141017e-05
447.4 4.2920054542067845e-05
447.5 4.29363910703425e-05
447.6 4.2942244192639745e-05
447.7 4.294809755700118e-05
447.8 4.2953951163396716e-05
447.9 4.2959805011963285e-05
448.0 4.296565910272948e-05
448.1 4.298028780857132e-05
448.2 4.299491848277962e-05
448.3 4.3009551125536674e-05
448.4 4.302418573685782e-05
448.5 4.303882231675841e-05
448.6 4.3053517460090994e-05
448.7 4.306825100547398e-05
448.8 4.3083004158876464e-05
448.9 4.309775949607637e-05
449.0 4.3112500964674986e-05
449.1 4.312767531968651e-05
449.2 4.3142808077489066e-05
449.3 4.315788731468069e-05
449.4 4.3172902489066124e-05
449.5 4.318784444252643e-05
449.6 4.320270895243854e-05
449.7 4.32174883714122e-05
449.8 4.3232176529336974e-05
449.9 4.324676873563604e-05
450.0 4.326126178221604e-05
450.1 4.327016949081342e-05
450.2 4.327918853079187e-05
450.3 4.3288106911968234e-05
450.4 4.3296927417103576e-05
450.5 4.3305654321542186e-05
450.6 4.332481756740294e-05
450.7 4.334390326094084e-05
450.8 4.336292070303689e-05
450.9 4.338188066026643e-05
451.0 4.3400795368107826e-05
451.1 4.3413751094192e-05
451.2 4.3426686810058526e-05
451.3 4.343961917822249e-05
451.4 4.345256633305724e-05
451.5 4.3465547882778714e-05
451.6 4.346804720348689e-05
451.7 4.3470544344365314e-05
451.8 4.347304003108115e-05
451.9 4.3475535033496694e-05
452.0 4.34780301656336e-05
452.1 4.349481371283236e-05
452.2 4.351160265306988e-05
452.3 4.352839793628911e-05
452.4 4.354520055800675e-05
452.5 4.3562011559401135e-05
452.6 4.357883202764526e-05
452.7 4.359565814502027e-05
452.8 4.361248962760408e-05
452.9 4.3629326146976795e-05
453.0 4.364616732984918e-05
453.1 4.365007924047519e-05
453.2 4.3653991480596196e-05
453.3 4.3657903542277875e-05
453.4 4.36618148732495e-05
453.5 4.366572487666225e-05
453.6 4.368013464998181e-05
453.7 4.369450800444709e-05
453.8 4.3708864611336495e-05
453.9 4.372322270827028e-05
454.0 4.373759909664922e-05
454.1 4.3750124888374395e-05
454.2 4.3762697252787326e-05
454.3 4.377532866066331e-05
454.4 4.378803013492058e-05
454.5 4.380081124881904e-05
454.6 4.3813680123647704e-05
454.7 4.382664342708747e-05
454.8 4.383970637049432e-05
454.9 4.385287270683479e-05
455.0 4.386614472867036e-05
455.1 4.387153126242057e-05
455.2 4.3877022543082906e-05
455.3 4.3882616412378034e-05
455.4 4.388830924532375e-05
455.5 4.3894095948885945e-05
455.6 4.39105482673217e-05
455.7 4.392708273114826e-05
455.8 4.3943689887735056e-05
455.9 4.3960358801490695e-05
456.0 4.3977077051250345e-05
456.1 4.398241725079722e-05
456.2 4.398777435790982e-05
456.3 4.399313147694443e-05
456.4 4.399847023430664e-05
456.5 4.400377077742573e-05
456.6 4.401960359375167e-05
456.7 4.403543906418041e-05
456.8 4.405127718884992e-05
456.9 4.406711796789818e-05
457.0 4.408296140151922e-05
457.1 4.409875507071003e-05
457.2 4.411455139834224e-05
457.3 4.4130350384582946e-05
457.4 4.414615202959944e-05
457.5 4.4161956333667394e-05
457.6 4.416715893702717e-05
457.7 4.4172361701523994e-05
457.8 4.417756462715118e-05
457.9 4.4182767714070536e-05
458.0 4.4187970962331976e-05
458.1 4.4194108839110166e-05
458.2 4.420024706573598e-05
458.3 4.4206385642260865e-05
458.4 4.4212524568792615e-05
458.5 4.421866384538665e-05
458.6 4.423548348927895e-05
458.7 4.4252346233324464e-05
458.8 4.4269231552691984e-05
458.9 4.4286120415613505e-05
459.0 4.430299528612524e-05
459.1 4.4316826538594126e-05
459.2 4.4330611302111243e-05
459.3 4.434433655825803e-05
459.4 4.435799079941579e-05
459.5 4.4371564031405144e-05
459.6 4.437441552484697e-05
459.7 4.437716690399487e-05
459.8 4.4379814016140765e-05
459.9 4.4382354145638585e-05
460.0 4.4384786014576025e-05
460.1 4.440070670773463e-05
460.2 4.4416523687591064e-05
460.3 4.443223989729805e-05
460.4 4.444785972474098e-05
460.5 4.446338900524021e-05
460.6 4.4468200354807535e-05
460.7 4.447293726773649e-05
460.8 4.4477608769115096e-05
460.9 4.4482225419949504e-05
461.0 4.448679931745338e-05
461.1 4.449725006305986e-05
461.2 4.450768656605639e-05
461.3 4.4518125538909065e-05
461.4 4.452858524343135e-05
461.5 4.4539085492871715e-05
461.6 4.4539003288963884e-05
461.7 4.453891871975145e-05
461.8 4.4538831492280607e-05
461.9 4.453874126821416e-05
462.0 4.453864766434153e-05
462.1 4.455054441451784e-05
462.2 4.4562437459272404e-05
462.3 4.457432627606105e-05
462.4 4.458621029667884e-05
462.5 4.459808890714149e-05
462.6 4.460996328120452e-05
462.7 4.4621837129233336e-05
462.8 4.46337105861253e-05
462.9 4.464558387729015e-05
463.0 4.465745731883019e-05
463.1 4.466437485489333e-05
463.2 4.467129353540782e-05
463.3 4.467821394887991e-05
463.4 4.468513677499195e-05
463.5 4.469206278417427e-05
463.6 4.4709585635376505e-05
463.7 4.472707145979797e-05
463.8 4.474454055578959e-05
463.9 4.4762011713273346e-05
464.0 4.477950221033818e-05
464.1 4.478374749997419e-05
464.2 4.4788038337287824e-05
464.3 4.479238739475804e-05
464.4 4.479680580785315e-05
464.5 4.480130317419166e-05
464.6 4.481655562133426e-05
464.7 4.4831906375131556e-05
464.8 4.484736123769316e-05
464.9 4.486292452010916e-05
465.0 4.4878599039762374e-05
465.1 4.4890733087441844e-05
465.2 4.4902977469609415e-05
465.3 4.4915330480409294e-05
465.4 4.492778891072644e-05
465.5 4.4940348046043056e-05
465.6 4.4953001664206385e-05
465.7 4.496573947878109e-05
465.8 4.497855149207798e-05
465.9 4.499142614582313e-05
466.0 4.500435031860769e-05
466.1 4.5019983175017945e-05
466.2 4.5035636174292294e-05
466.3 4.505129149216205e-05
466.4 4.50669297276636e-05
466.5 4.508252990040908e-05
466.6 4.508738523330796e-05
466.7 4.509224065428506e-05
466.8 4.509709616339061e-05
466.9 4.510195176073136e-05
467.0 4.5106807446361446e-05
467.1 4.512193312726507e-05
467.2 4.5137060917824806e-05
467.3 4.515219081820149e-05
467.4 4.516732282838621e-05
467.5 4.518245694853565e-05
467.6 4.518689805484512e-05
467.7 4.5191339169005105e-05
467.8 4.519578029106634e-05
467.9 4.520022142107978e-05
468.0 4.520466255910052e-05
468.1 4.5220225440116076e-05
468.2 4.523579071046924e-05
468.3 4.525135837026298e-05
468.4 4.526692841965685e-05
468.5 4.528250085874973e-05
468.6 4.528736945386431e-05
468.7 4.529223813700428e-05
468.8 4.52971069082766e-05
468.9 4.530197576773143e-05
469.0 4.5306844715479086e-05
469.1 4.5320262252753984e-05
469.2 4.533368093475082e-05
469.3 4.5347100761443004e-05
469.4 4.536052173286046e-05
469.5 4.537394384902915e-05
469.6 4.537665243409994e-05
469.7 4.537936088484296e-05
469.8 4.538206920139399e-05
469.9 4.538477738383236e-05
470.0 4.538748543229885e-05
470.1 4.5402893589034185e-05
470.2 4.541830399033522e-05
470.3 4.5433716636200574e-05
470.4 4.5449131526799026e-05
470.5 4.546454866218581e-05
470.6 4.547996804247302e-05
470.7 4.549538966771583e-05
470.8 4.551081353802629e-05
470.9 4.5526239653516254e-05
471.0 4.554166801423636e-05
471.1 4.554532121770551e-05
471.2 4.554897435903071e-05
471.3 4.555262743827658e-05
471.4 4.555628045550776e-05
471.5 4.5559933410906566e-05
471.6 4.5574319775937156e-05
471.7 4.55887078002853e-05
471.8 4.5603097483902525e-05
471.9 4.5617488826967606e-05
472.0 4.5631881829428256e-05
472.1 4.5636303342341034e-05
472.2 4.564072485094555e-05
472.3 4.564514635523497e-05
472.4 4.564956785537281e-05
472.5 4.5653989351413306e-05
472.6 4.566915399881025e-05
472.7 4.568432072300825e-05
472.8 4.569948952398404e-05
472.9 4.5714660401828055e-05
473.0 4.572983335662559e-05
473.1 4.5732261468136315e-05
473.2 4.573468939049558e-05
473.3 4.5737117123840214e-05
473.4 4.573954466825008e-05
473.5 4.57419720237526e-05
473.6 4.57551499306411e-05
473.7 4.576832878966436e-05
473.8 4.578150860081153e-05
473.9 4.579468936401494e-05
474.0 4.5807871079203306e-05
474.1 4.581202234302593e-05
474.2 4.581617362015107e-05
474.3 4.582032491058387e-05
474.4 4.58244762145e-05
474.5 4.582862753190463e-05
474.6 4.583277886285982e-05
474.7 4.58369302075414e-05
474.8 4.584108156601147e-05
474.9 4.584523293833227e-05
475.0 4.58493843245708e-05
475.1 4.586655373302459e-05
475.2 4.5883752081061044e-05
475.3 4.5900953813039216e-05
475.4 4.591815892918858e-05
475.5 4.5935367429904996e-05
475.6 4.59418074966042e-05
475.7 4.5948247928403245e-05
475.8 4.595468872534831e-05
475.9 4.596112988748561e-05
476.0 4.596757141486423e-05
476.1 4.5980967559019304e-05
476.2 4.599436477901478e-05
476.3 4.600776307492046e-05
476.4 4.602116244669213e-05
476.5 4.6034562894338325e-05
476.6 4.60371828761715e-05
476.7 4.6039802706739475e-05
476.8 4.604242238623581e-05
476.9 4.604504191462617e-05
477.0 4.604766129210522e-05
477.1 4.605262328824219e-05
477.2 4.605758542710286e-05
477.3 4.6062547708690034e-05
477.4 4.60675101331204e-05
477.5 4.607247270045819e-05
477.6 4.6088226379317706e-05
477.7 4.610398252568375e-05
477.8 4.611974113986923e-05
477.9 4.613550222195904e-05
478.0 4.6151265772204495e-05
478.1 4.6155527036839255e-05
478.2 4.615978835610788e-05
478.3 4.6164049729962824e-05
478.4 4.616831115858489e-05
478.5 4.617257264204073e-05
478.6 4.6176834180397046e-05
478.7 4.618109577372062e-05
478.8 4.6185357422192394e-05
478.9 4.6189619125765e-05
479.0 4.6193880884619225e-05
479.1 4.619746294868014e-05
479.2 4.620104494661403e-05
479.3 4.6204626878487095e-05
479.4 4.620820874442277e-05
479.5 4.621179054448741e-05
479.6 4.6215372278690246e-05
479.7 4.621895394726901e-05
479.8 4.622253555017591e-05
479.9 4.6226117087591624e-05
480.0 4.622969855947297e-05
480.1 4.62444777127062e-05
480.2 4.625925870616951e-05
480.3 4.627404153995306e-05
480.4 4.6288826214089855e-05
480.5 4.630361272872269e-05
480.6 4.630758155549039e-05
480.7 4.631155036827646e-05
480.8 4.631551916714501e-05
480.9 4.631948795221731e-05
481.0 4.632345672350439e-05
481.1 4.6337191837374796e-05
481.2 4.6350928182116644e-05
481.3 4.636466575780724e-05
481.4 4.6378404564466694e-05
481.5 4.639214460205342e-05
481.6 4.639505855237606e-05
481.7 4.639797237361483e-05
481.8 4.6400886065902456e-05
481.9 4.640379962931447e-05
482.0 4.6406713063874605e-05
