data/throughputs/total_comcam_y.ecsv
# %ECSV 1.0
# ---
# datatype:
# - {name: wavelength, unit: nm, datatype: float32}
# - {name: throughput, unit: '', datatype: float64}
# schema: astropy-2.0
wavelength throughput
[from data line 4093]
709.3 6.36723220662594e-05
709.4 6.367746628994694e-05
709.5 6.368261070444908e-05
709.6 6.368775530995929e-05
709.7 6.369290010646468e-05
709.8 6.369804509388335e-05
709.9 6.370319027240909e-05
710.0 6.370833564188666e-05
710.1 6.37086885283997e-05
710.2 6.37090412393654e-05
710.3 6.37093937747866e-05
710.4 6.370974613487282e-05
710.5 6.371009831948913e-05
710.6 6.371045032877617e-05
710.7 6.371080216273681e-05
710.8 6.371115382144274e-05
710.9 6.371150530489682e-05
711.0 6.371185661325608e-05
711.1 6.372969239525422e-05
711.2 6.374753019882837e-05
711.3 6.376537002409761e-05
711.4 6.378321187111226e-05
711.5 6.380105573999146e-05
711.6 6.381890163085439e-05
711.7 6.383674954375129e-05
711.8 6.385459947887025e-05
711.9 6.387245143626152e-05
712.0 6.389030541587956e-05
712.1 6.387951554912801e-05
712.2 6.386872457241265e-05
712.3 6.385793248571173e-05
712.4 6.384713928914143e-05
712.5 6.383634498283038e-05
712.6 6.383883548459363e-05
712.7 6.38413259133897e-05
712.8 6.384381626913953e-05
712.9 6.384630655183292e-05
713.0 6.384879676160154e-05
713.1 6.385556945933601e-05
713.2 6.386234257432522e-05
713.3 6.38691161067694e-05
713.4 6.387589005659297e-05
713.5 6.388266442392733e-05
713.6 6.388952620393456e-05
713.7 6.389644435157082e-05
713.8 6.390338995157007e-05
713.9 6.391033621987993e-05
714.0 6.391725850434292e-05
714.1 6.390563716830135e-05
714.2 6.389394772324181e-05
714.3 6.388217199500943e-05
714.4 6.387029396535826e-05
714.5 6.385829976979082e-05
714.6 6.384617769842089e-05
714.7 6.383391818822654e-05
714.8 6.382151382444707e-05
714.9 6.380895933880442e-05
715.0 6.379625160754034e-05
715.1 6.378176886316247e-05
715.2 6.376713373828881e-05
715.3 6.375234954179848e-05
715.4 6.373742171826521e-05
715.5 6.372235784553288e-05
715.6 6.369386481974773e-05
715.7 6.366525812574609e-05
715.8 6.363655178894251e-05
715.9 6.360776194421931e-05
716.0 6.357890683092156e-05
716.1 6.345903100777955e-05
716.2 6.333913139594863e-05
716.3 6.321923251976574e-05
716.4 6.309936083645272e-05
716.5 6.297954471582027e-05
716.6 6.27135050750719e-05
716.7 6.244746543354661e-05
716.8 6.218142579507665e-05
716.9 6.191538616328109e-05
717.0 6.164934654199336e-05
717.1 6.139904058999556e-05
717.2 6.114871467162134e-05
717.3 6.089836878999357e-05
717.4 6.064800294781606e-05
717.5 6.039761714833659e-05
717.6 6.029355497660195e-05
717.7 6.01894843327498e-05
717.8 6.008540521690631e-05
717.9 5.998131762912511e-05
718.0 5.987722156930807e-05
718.1 5.968927567499359e-05
718.2 5.9501340012664764e-05
718.3 5.9313414582901795e-05
718.4 5.912549938642699e-05
718.5 5.89375944241668e-05
718.6 5.881621882817665e-05
718.7 5.8694849760784e-05
718.8 5.857348722337119e-05
718.9 5.8452131216904606e-05
719.0 5.8330781742737335e-05
719.1 5.83288844126525e-05
719.2 5.8326982693473514e-05
719.3 5.8325076586832824e-05
719.4 5.832316609435746e-05
719.5 5.832125121748595e-05
719.6 5.834589267202428e-05
719.7 5.837051435069396e-05
719.8 5.839511705807897e-05
719.9 5.841970154086341e-05
720.0 5.844426848794448e-05
720.1 5.857804815750248e-05
720.2 5.871183453549832e-05
720.3 5.88456281427483e-05
720.4 5.897942944445252e-05
720.5 5.9113238850529376e-05
720.6 5.944609988485237e-05
720.7 5.97789805002365e-05
720.8 6.011187937535211e-05
720.9 6.044479521826954e-05
721.0 6.077772676820473e-05
721.1 6.10957237977681e-05
721.2 6.141371608846999e-05
721.3 6.17317024838183e-05
721.4 6.20496818665822e-05
721.5 6.236765315965757e-05
721.6 6.24732990674528e-05
721.7 6.257893669150182e-05
721.8 6.26845659981482e-05
721.9 6.279018695409126e-05
722.0 6.28957995256429e-05
722.1 6.287005694270007e-05
722.2 6.284430711496063e-05
722.3 6.281855005067608e-05
722.4 6.27927857580466e-05
722.5 6.276701424497375e-05
722.6 6.255545351723983e-05
722.7 6.23438846690724e-05
722.8 6.21323087739777e-05
722.9 6.192072695423722e-05
723.0 6.170914037959284e-05
723.1 6.139181899609182e-05
723.2 6.107448824014862e-05
723.3 6.075714939649217e-05
723.4 6.043980378391463e-05
723.5 6.012245275364875e-05
723.6 6.008373462489968e-05
723.7 6.004496554973582e-05
723.8 6.000617242158884e-05
723.9 5.9967379991706575e-05
724.0 5.992861087575734e-05
724.1 5.99546070664956e-05
724.2 5.9980666528639476e-05
724.3 6.000680577013806e-05
724.4 6.0033039251912165e-05
724.5 6.0059379383383896e-05
724.6 6.011238206064241e-05
724.7 6.016551349686484e-05
724.8 6.0218781112734015e-05
724.9 6.0272190331149626e-05
725.0 6.032574456815385e-05
725.1 6.038193029952852e-05
725.2 6.043845500977225e-05
725.3 6.049512761043126e-05
725.4 6.055194341811561e-05
725.5 6.060889569622319e-05
725.6 6.071908658844533e-05
725.7 6.0829401430179784e-05
725.8 6.09398275207998e-05
725.9 6.105035001393628e-05
726.0 6.116095189858113e-05
726.1 6.116348950671451e-05
726.2 6.116605032878193e-05
726.3 6.116861074923413e-05
726.4 6.117114509479837e-05
726.5 6.117362563415413e-05
726.6 6.116273788209446e-05
726.7 6.115184887987949e-05
726.8 6.114095862772326e-05
726.9 6.113006712570219e-05
727.0 6.11191743739266e-05
727.1 6.100142398218433e-05
727.2 6.0883666159259204e-05
727.3 6.076590090671419e-05
727.4 6.0648128225974746e-05
727.5 6.053034811891382e-05
727.6 6.051887393551691e-05
727.7 6.050739870309284e-05
727.8 6.049592242175352e-05
727.9 6.048444509174868e-05
728.0 6.047296671368938e-05
728.1 6.0691139068540116e-05
728.2 6.090935028336196e-05
728.3 6.112760036004752e-05
728.4 6.134588930048848e-05
728.5 6.156421710586114e-05
728.6 6.15431355916839e-05
728.7 6.152199555959084e-05
728.8 6.150082494149436e-05
728.9 6.147964956679266e-05
729.0 6.145849316605711e-05
729.1 6.150202114011331e-05
729.2 6.154561860941288e-05
729.3 6.158930328907004e-05
729.4 6.163309087469416e-05
729.5 6.167699503561846e-05
729.6 6.177425813065793e-05
729.7 6.18716663502253e-05
729.8 6.196922760351763e-05
729.9 6.206694776200527e-05
730.0 6.216483064339814e-05
730.1 6.212893118381251e-05
730.2 6.209317534099355e-05
730.3 6.205755973018274e-05
730.4 6.202207889216529e-05
730.5 6.198672529908254e-05
730.6 6.199143832137389e-05
730.7 6.199626192866995e-05
730.8 6.20011834642844e-05
730.9 6.200618812352444e-05
731.0 6.20112589532008e-05
731.1 6.20579853229183e-05
731.2 6.210474655799855e-05
731.3 6.215151925904773e-05
731.4 6.219827780561798e-05
731.5 6.224499434864533e-05
731.6 6.234496442043738e-05
731.7 6.244496220810104e-05
731.8 6.254498625319928e-05
731.9 6.264503515161839e-05
732.0 6.27451075537761e-05
732.1 6.289842220753602e-05
732.2 6.305176865289427e-05
732.3 6.320514570638287e-05
732.4 6.3358552237709e-05
732.5 6.351198716982591e-05
732.6 6.358538131652464e-05
732.7 6.3658783366892e-05
732.8 6.373219329953608e-05
732.9 6.380561109314233e-05
733.0 6.387903672627086e-05
733.1 6.388577981371779e-05
733.2 6.389251677075233e-05
733.3 6.389924759542548e-05
733.4 6.390597228621941e-05
733.5 6.391269084153165e-05
733.6 6.395956527287708e-05
733.7 6.400650181619229e-05
733.8 6.405347264084174e-05
733.9 6.41004520519438e-05
734.0 6.414741649854191e-05
734.1 6.416604824455425e-05
734.2 6.418461781302552e-05
734.3 6.420310823960879e-05
734.4 6.422150476169665e-05
734.5 6.42397948219481e-05
734.6 6.42312273439964e-05
734.7 6.422252369962399e-05
734.8 6.421367598051376e-05
734.9 6.42046783732057e-05
735.0 6.419552715727934e-05
735.1 6.421388383939614e-05
735.2 6.423208951047482e-05
735.3 6.425014652578844e-05
735.4 6.426805933539207e-05
735.5 6.428583448679068e-05
735.6 6.427672096088747e-05
735.7 6.426748938721412e-05
735.8 6.425815383196922e-05
735.9 6.424873050974307e-05
736.0 6.423923778143998e-05
736.1 6.422897848463144e-05
736.2 6.421869316068991e-05
736.3 6.420840659963687e-05
736.4 6.419814572999292e-05
736.5 6.418793961726144e-05
736.6 6.420459368769308e-05
736.7 6.422124897699058e-05
736.8 6.423790548510376e-05
736.9 6.425456321191311e-05
737.0 6.427122215746786e-05
737.1 6.431799713353906e-05
737.2 6.436478067209657e-05
737.3 6.441157277379416e-05
737.4 6.445837343921605e-05
737.5 6.45051826689333e-05
737.6 6.453860237302125e-05
737.7 6.457202789135693e-05
737.8 6.460545922427843e-05
737.9 6.463889637219334e-05
738.0 6.467233933547768e-05
738.1 6.467418021718984e-05
738.2 6.467602082916848e-05
738.3 6.467786117148364e-05
738.4 6.467970124413585e-05
738.5 6.468154104713899e-05
738.6 6.469678646258816e-05
738.7 6.471203237093764e-05
738.8 6.472727877193329e-05
738.9 6.474252566545974e-05
739.0 6.475777305146207e-05
739.1 6.476382513494514e-05
739.2 6.476987743467848e-05
739.3 6.477592995064483e-05
739.4 6.478198268282695e-05
739.5 6.478803563135994e-05
739.6 6.480750372145325e-05
739.7 6.482697453438667e-05
739.8 6.484644807032891e-05
739.9 6.486592432944866e-05
740.0 6.488540331198116e-05
740.1 6.490191793881702e-05
740.2 6.491843368170055e-05
740.3 6.493495054050128e-05
740.4 6.495146851515817e-05
740.5 6.496798760554085e-05
740.6 6.498450781165785e-05
740.7 6.500102913330914e-05
740.8 6.501755157057297e-05
740.9 6.503407512324915e-05
741.0 6.505059979133423e-05
741.1 6.505501991853245e-05
741.2 6.505944002642695e-05
741.3 6.506386011513897e-05
741.4 6.506828018458093e-05
741.5 6.507270023481795e-05
741.6 6.509055207602905e-05
741.7 6.51084057225725e-05
741.8 6.512626117453935e-05
741.9 6.514411843195098e-05
742.0 6.516197749460553e-05
742.1 6.516547573564787e-05
742.2 6.516897385296276e-05
742.3 6.517247184667604e-05
742.4 6.517596971677441e-05
742.5 6.517946746324439e-05
742.6 6.518296508614231e-05
742.7 6.518646258552443e-05
742.8 6.518995996137735e-05
742.9 6.519345721368777e-05
743.0 6.519695434259405e-05
743.1 6.521276875035482e-05
743.2 6.522858390717782e-05
743.3 6.524439981282865e-05
743.4 6.52602164672818e-05
743.5 6.527603387035893e-05
743.6 6.527840641825191e-05
743.7 6.528077873731903e-05
743.8 6.528315082755562e-05
743.9 6.528552268902682e-05
744.0 6.52878943218008e-05
744.1 6.529338323413105e-05
744.2 6.529887227275543e-05
744.3 6.530436143779485e-05
744.4 6.53098507290914e-05
744.5 6.531534014676593e-05
744.6 6.532082969086953e-05
744.7 6.532631936131406e-05
744.8 6.53318091581507e-05
744.9 6.533729908136096e-05
745.0 6.534278913106424e-05
745.1 6.534681815914354e-05
745.2 6.53508471210468e-05
745.3 6.535487601675782e-05
745.4 6.535890484633002e-05
745.5 6.536293360981694e-05
745.6 6.536696230713255e-05
745.7 6.537099093840015e-05
745.8 6.537501950360345e-05
745.9 6.537904800265648e-05
746.0 6.538307643568101e-05
746.1 6.538557773326575e-05
746.2 6.538807881333314e-05
746.3 6.53905796759472e-05
746.4 6.539308032110226e-05
746.5 6.539558074893212e-05
746.6 6.539808095929152e-05
746.7 6.540058095238402e-05
746.8 6.54030807281342e-05
746.9 6.540558028660608e-05
747.0 6.540807962788134e-05
747.1 6.542784012840874e-05
747.2 6.54476034681737e-05
747.3 6.546736964729438e-05
747.4 6.548713866595862e-05
747.5 6.550691052427079e-05
747.6 6.551320513904945e-05
747.7 6.551950000342893e-05
747.8 6.552579511739294e-05
747.9 6.55320904809251e-05
748.0 6.553838609400602e-05
748.1 6.55416861001761e-05
748.2 6.55449859629718e-05
748.3 6.554828568252103e-05
748.4 6.555158525874205e-05
748.5 6.555488469162302e-05
748.6 6.555818398129183e-05
748.7 6.556148312773666e-05
748.8 6.556478213101556e-05
748.9 6.556808099104684e-05
749.0 6.557137970788933e-05
749.1 6.557547756990477e-05
749.2 6.557957537568121e-05
749.3 6.55836731252725e-05
749.4 6.558777081866261e-05
749.5 6.559186845583555e-05
749.6 6.559596603691507e-05
749.7 6.560006356174541e-05
749.8 6.560416103052026e-05
749.9 6.560825844315372e-05
750.0 6.561235579969957e-05
750.1 6.561607104617315e-05
750.2 6.56197160609165e-05
750.3 6.562336100393751e-05
750.4 6.562700587522237e-05
750.5 6.563065067491093e-05
750.6 6.564780040195776e-05
750.7 6.566495155720307e-05
750.8 6.568210414063848e-05
750.9 6.569925815218575e-05
751.0 6.571641359189231e-05
751.1 6.571986177346903e-05
751.2 6.572330986285484e-05
751.3 6.572675786003674e-05
751.4 6.573020576507186e-05
751.5 6.573365357801724e-05
751.6 6.573710129879005e-05
751.7 6.57405489275173e-05
751.8 6.574399646411613e-05
751.9 6.574744390871364e-05
752.0 6.575089126122693e-05
752.1 6.575427102834043e-05
752.2 6.575765069557594e-05
752.3 6.576103026292073e-05
752.4 6.576440973036205e-05
752.5 6.576778909795725e-05
752.6 6.577116836569356e-05
752.7 6.577454753362827e-05
752.8 6.577792660181876e-05
752.9 6.578130557018228e-05
753.0 6.578468443879217e-05
753.1 6.580359085321475e-05
753.2 6.582249961953028e-05
753.3 6.584141073778673e-05
753.4 6.586032420810205e-05
753.5 6.587924003058028e-05
753.6 6.588453976903641e-05
753.7 6.588978192120605e-05
753.8 6.589499632593898e-05
753.9 6.590021062013185e-05
754.0 6.590545023786895e-05
754.1 6.590812809662816e-05
754.2 6.591087524355071e-05
754.3 6.591371048901155e-05
754.4 6.591665043448127e-05
754.5 6.591970947277228e-05
754.6 6.592289979030288e-05
754.7 6.59262313597935e-05
754.8 6.592971194412382e-05
754.9 6.593334709584795e-05
755.0 6.59371401566671e-05
755.1 6.594216442846942e-05
755.2 6.594734680726091e-05
755.3 6.595268400681883e-05
755.4 6.595817052729104e-05
755.5 6.596379865437181e-05
755.6 6.596955845567776e-05
755.7 6.597543778642043e-05
755.8 6.598142228441591e-05
755.9 6.598749536912262e-05
756.0 6.599363824045775e-05
756.1 6.600003062933193e-05
756.2 6.600644857876344e-05
756.3 6.601286662416355e-05
756.4 6.601925707706982e-05
756.5 6.602559002432877e-05
756.6 6.604539222535054e-05
756.7 6.606519728121655e-05
756.8 6.608500519285903e-05
756.9 6.610481596127607e-05
757.0 6.61246295872359e-05
757.1 6.612967237307939e-05
757.2 6.613471525221125e-05
757.3 6.613975822529948e-05
757.4 6.614480129300444e-05
757.5 6.614984445604821e-05
757.6 6.615488771793293e-05
757.7 6.615993107430567e-05
757.8 6.616497452377105e-05
757.9 6.61700180649482e-05
758.0 6.617506169627469e-05
758.1 6.612493013521904e-05
758.2 6.607479169215532e-05
758.3 6.602464636588631e-05
758.4 6.597449415516513e-05
758.5 6.592433505762146e-05
758.6 6.531749840463173e-05
758.7 6.471063973841661e-05
758.8 6.41037284357902e-05
758.9 6.349673710399915e-05
759.0 6.288964147536023e-05
759.1 6.045116672474146e-05
759.2 5.801210713042079e-05
759.3 5.557245450960547e-05
759.4 5.313220524802303e-05
759.5 5.069135988979595e-05
759.6 4.712182595279931e-05
759.7 4.355148848380408e-05
759.8 3.9980365695059724e-05
759.9 3.6408478705666484e-05
760.0 3.283585094658574e-05
760.1 3.093393942770305e-05
760.2 2.9031759444285843e-05
760.3 2.7129326037244807e-05
760.4 2.5226654713241008e-05
760.5 2.3323761129949032e-05
760.6 2.3528725786157078e-05
760.7 2.3733664245944135e-05
760.8 2.393858061501338e-05
760.9 2.4143479987520232e-05
761.0 2.4348368483851167e-05
761.1 2.6281543434092845e-05
761.2 2.8214946958767776e-05
761.3 3.014858846587872e-05
761.4 3.208248142254918e-05
761.5 3.40166436802884e-05
761.6 3.604635051930444e-05
761.7 3.8076317769040444e-05
761.8 4.010654542922268e-05
761.9 4.21370334995686e-05
762.0 4.4167781974973536e-05
762.1 4.388374320903031e-05
762.2 4.3599680983706464e-05
762.3 4.331559530102504e-05
762.4 4.3031486163080695e-05
762.5 4.274735357027691e-05
762.6 4.165995012355257e-05
762.7 4.0572457633531477e-05
762.8 3.948487610798475e-05
762.9 3.839720555468776e-05
763.0 3.7309445983843014e-05
763.1 3.732515450439701e-05
763.2 3.7340864516144787e-05
763.3 3.7356576019158484e-05
763.4 3.737228901329866e-05
763.5 3.738800349983298e-05
763.6 3.8003050742402124e-05
763.7 3.861816663091907e-05
763.8 3.9233351163815734e-05
763.9 3.984860433923944e-05
764.0 4.046392615574995e-05
764.1 4.1201439290638636e-05
764.2 4.1939016814994336e-05
764.3 4.2676658724249066e-05
764.4 4.341436501369081e-05
764.5 4.415213567903568e-05
764.6 4.5026248707444564e-05
764.7 4.590043803905889e-05
764.8 4.677470366835632e-05
764.9 4.764904558988156e-05
765.0 4.8523463797940655e-05
765.1 4.930324329760239e-05
765.2 5.008311286654748e-05
765.3 5.086307250310217e-05
765.4 5.164312220551895e-05
765.5 5.2423261971879095e-05
765.6 5.303987265667252e-05
765.7 5.365655443427956e-05
765.8 5.42733073033034e-05
765.9 5.489013126248581e-05
766.0 5.550702631027129e-05
766.1 5.604176185123189e-05
766.2 5.657655141222972e-05
766.3 5.711139499104045e-05
766.4 5.764629258543775e-05
